v1	Id(M1)
Step Information: X=0  (Run: 1/21)
0.000000000000000e+000	0.000000e+000
1.000000000000000e-002	1.098180e-009
2.000000000000000e-002	1.896027e-009
3.000000000000000e-002	2.439693e-009
4.000000000000000e-002	2.788434e-009
5.000000000000000e-002	3.003938e-009
6.000000000000001e-002	3.137036e-009
7.000000000000001e-002	3.222008e-009
8.000000000000000e-002	3.279201e-009
9.000000000000000e-002	3.320040e-009
9.999999999999999e-002	3.350906e-009
1.100000000000000e-001	3.375445e-009
1.200000000000000e-001	3.395808e-009
1.300000000000000e-001	3.413316e-009
1.400000000000000e-001	3.428807e-009
1.500000000000000e-001	3.442830e-009
1.600000000000000e-001	3.455758e-009
1.700000000000000e-001	3.467850e-009
1.800000000000000e-001	3.479291e-009
1.900000000000000e-001	3.490215e-009
2.000000000000000e-001	3.500721e-009
2.100000000000001e-001	3.510883e-009
2.200000000000001e-001	3.520760e-009
2.300000000000001e-001	3.530394e-009
2.400000000000001e-001	3.539822e-009
2.500000000000001e-001	3.549069e-009
2.600000000000001e-001	3.558158e-009
2.700000000000001e-001	3.567105e-009
2.800000000000001e-001	3.575924e-009
2.900000000000001e-001	3.584625e-009
3.000000000000001e-001	3.593218e-009
3.100000000000001e-001	3.601708e-009
3.200000000000001e-001	3.610101e-009
3.300000000000001e-001	3.618400e-009
3.400000000000001e-001	3.626607e-009
3.500000000000001e-001	3.634725e-009
3.600000000000002e-001	3.642754e-009
3.700000000000002e-001	3.650693e-009
3.800000000000002e-001	3.658543e-009
3.900000000000002e-001	3.666300e-009
4.000000000000002e-001	3.673963e-009
4.100000000000002e-001	3.681530e-009
4.200000000000002e-001	3.688997e-009
4.300000000000002e-001	3.696359e-009
4.400000000000002e-001	3.703614e-009
4.500000000000002e-001	3.710755e-009
4.600000000000002e-001	3.717777e-009
4.700000000000003e-001	3.724674e-009
4.800000000000003e-001	3.731440e-009
4.900000000000003e-001	3.738068e-009
5.000000000000002e-001	3.744549e-009
5.100000000000002e-001	3.750876e-009
5.200000000000002e-001	3.757040e-009
5.300000000000003e-001	3.763031e-009
5.400000000000003e-001	3.768839e-009
5.500000000000003e-001	3.774454e-009
5.600000000000003e-001	3.779863e-009
5.700000000000003e-001	3.785055e-009
5.800000000000003e-001	3.790017e-009
5.900000000000003e-001	3.794734e-009
6.000000000000003e-001	3.799193e-009
6.100000000000003e-001	3.803377e-009
6.200000000000003e-001	3.807270e-009
6.300000000000003e-001	3.810856e-009
6.400000000000004e-001	3.814114e-009
6.500000000000004e-001	3.817027e-009
6.600000000000004e-001	3.819573e-009
6.700000000000004e-001	3.821730e-009
6.800000000000004e-001	3.823476e-009
6.900000000000004e-001	3.824786e-009
7.000000000000004e-001	3.825635e-009
7.100000000000004e-001	3.825995e-009
7.200000000000004e-001	3.825837e-009
7.300000000000004e-001	3.825133e-009
7.400000000000004e-001	3.823848e-009
7.500000000000004e-001	3.821951e-009
7.600000000000005e-001	3.819406e-009
7.700000000000005e-001	3.816174e-009
7.800000000000005e-001	3.812217e-009
7.900000000000005e-001	3.807492e-009
8.000000000000005e-001	3.801957e-009
8.100000000000005e-001	3.795564e-009
8.200000000000005e-001	3.788266e-009
8.300000000000005e-001	3.780010e-009
8.400000000000005e-001	3.770742e-009
8.500000000000005e-001	3.760406e-009
8.600000000000005e-001	3.748941e-009
8.700000000000006e-001	3.736284e-009
8.800000000000006e-001	3.722368e-009
8.900000000000006e-001	3.707124e-009
9.000000000000006e-001	3.690477e-009
9.100000000000006e-001	3.672348e-009
9.200000000000006e-001	3.652658e-009
9.300000000000006e-001	3.631318e-009
9.400000000000006e-001	3.608239e-009
9.500000000000006e-001	3.583325e-009
9.600000000000006e-001	3.556474e-009
9.700000000000006e-001	3.527582e-009
9.800000000000007e-001	3.496537e-009
9.900000000000007e-001	3.463222e-009
1.000000000000001e+000	3.427513e-009
1.010000000000001e+000	3.389281e-009
1.020000000000001e+000	3.348390e-009
1.030000000000001e+000	3.304695e-009
1.040000000000001e+000	3.258046e-009
1.050000000000001e+000	3.208285e-009
1.060000000000001e+000	3.155245e-009
1.070000000000001e+000	3.098749e-009
1.080000000000001e+000	3.038614e-009
1.090000000000001e+000	2.974645e-009
1.100000000000000e+000	2.906639e-009
Step Information: X=50m  (Run: 2/21)
0.000000000000000e+000	5.250579e-014
1.000000000000000e-002	4.213768e-009
2.000000000000000e-002	7.279348e-009
3.000000000000000e-002	9.371870e-009
4.000000000000000e-002	1.071650e-008
5.000000000000000e-002	1.154851e-008
6.000000000000001e-002	1.206264e-008
7.000000000000001e-002	1.239079e-008
8.000000000000000e-002	1.261148e-008
9.000000000000000e-002	1.276889e-008
9.999999999999999e-002	1.288771e-008
1.100000000000000e-001	1.298207e-008
1.200000000000000e-001	1.306030e-008
1.300000000000000e-001	1.312752e-008
1.400000000000000e-001	1.318697e-008
1.500000000000000e-001	1.324078e-008
1.600000000000000e-001	1.329041e-008
1.700000000000000e-001	1.333684e-008
1.800000000000000e-001	1.338081e-008
1.900000000000000e-001	1.342284e-008
2.000000000000000e-001	1.346330e-008
2.100000000000001e-001	1.350251e-008
2.200000000000001e-001	1.354068e-008
2.300000000000001e-001	1.357798e-008
2.400000000000001e-001	1.361457e-008
2.500000000000001e-001	1.365055e-008
2.600000000000001e-001	1.368600e-008
2.700000000000001e-001	1.372101e-008
2.800000000000001e-001	1.375563e-008
2.900000000000001e-001	1.378990e-008
3.000000000000001e-001	1.382388e-008
3.100000000000001e-001	1.385760e-008
3.200000000000001e-001	1.389108e-008
3.300000000000001e-001	1.392435e-008
3.400000000000001e-001	1.395743e-008
3.500000000000001e-001	1.399033e-008
3.600000000000002e-001	1.402308e-008
3.700000000000002e-001	1.405567e-008
3.800000000000002e-001	1.408813e-008
3.900000000000002e-001	1.412046e-008
4.000000000000002e-001	1.415267e-008
4.100000000000002e-001	1.418476e-008
4.200000000000002e-001	1.421674e-008
4.300000000000002e-001	1.424860e-008
4.400000000000002e-001	1.428036e-008
4.500000000000002e-001	1.431201e-008
4.600000000000002e-001	1.434355e-008
4.700000000000003e-001	1.437499e-008
4.800000000000003e-001	1.440632e-008
4.900000000000003e-001	1.443753e-008
5.000000000000002e-001	1.446864e-008
5.100000000000002e-001	1.449963e-008
5.200000000000002e-001	1.453049e-008
5.300000000000003e-001	1.456123e-008
5.400000000000003e-001	1.459184e-008
5.500000000000003e-001	1.462231e-008
5.600000000000003e-001	1.465263e-008
5.700000000000003e-001	1.468281e-008
5.800000000000003e-001	1.471282e-008
5.900000000000003e-001	1.474266e-008
6.000000000000003e-001	1.477233e-008
6.100000000000003e-001	1.480180e-008
6.200000000000003e-001	1.483108e-008
6.300000000000003e-001	1.486014e-008
6.400000000000004e-001	1.488897e-008
6.500000000000004e-001	1.491757e-008
6.600000000000004e-001	1.494591e-008
6.700000000000004e-001	1.497398e-008
6.800000000000004e-001	1.500176e-008
6.900000000000004e-001	1.502924e-008
7.000000000000004e-001	1.505639e-008
7.100000000000004e-001	1.508320e-008
7.200000000000004e-001	1.510965e-008
7.300000000000004e-001	1.513571e-008
7.400000000000004e-001	1.516135e-008
7.500000000000004e-001	1.518656e-008
7.600000000000005e-001	1.521131e-008
7.700000000000005e-001	1.523556e-008
7.800000000000005e-001	1.525930e-008
7.900000000000005e-001	1.528248e-008
8.000000000000005e-001	1.530507e-008
8.100000000000005e-001	1.532705e-008
8.200000000000005e-001	1.534836e-008
8.300000000000005e-001	1.536898e-008
8.400000000000005e-001	1.538886e-008
8.500000000000005e-001	1.540795e-008
8.600000000000005e-001	1.542622e-008
8.700000000000006e-001	1.544361e-008
8.800000000000006e-001	1.546008e-008
8.900000000000006e-001	1.547556e-008
9.000000000000006e-001	1.549000e-008
9.100000000000006e-001	1.550334e-008
9.200000000000006e-001	1.551553e-008
9.300000000000006e-001	1.552648e-008
9.400000000000006e-001	1.553614e-008
9.500000000000006e-001	1.554443e-008
9.600000000000006e-001	1.555126e-008
9.700000000000006e-001	1.555657e-008
9.800000000000007e-001	1.556026e-008
9.900000000000007e-001	1.556224e-008
1.000000000000001e+000	1.556242e-008
1.010000000000001e+000	1.556070e-008
1.020000000000001e+000	1.555697e-008
1.030000000000001e+000	1.555112e-008
1.040000000000001e+000	1.554303e-008
1.050000000000001e+000	1.553258e-008
1.060000000000001e+000	1.551964e-008
1.070000000000001e+000	1.550408e-008
1.080000000000001e+000	1.548575e-008
1.090000000000001e+000	1.546450e-008
1.100000000000000e+000	1.544018e-008
Step Information: X=100m  (Run: 3/21)
0.000000000000000e+000	2.490506e-013
1.000000000000000e-002	1.531702e-008
2.000000000000000e-002	2.651589e-008
3.000000000000000e-002	3.420738e-008
4.000000000000000e-002	3.918176e-008
5.000000000000000e-002	4.227542e-008
6.000000000000001e-002	4.419196e-008
7.000000000000001e-002	4.541511e-008
8.000000000000000e-002	4.623607e-008
9.000000000000000e-002	4.681979e-008
9.999999999999999e-002	4.725883e-008
1.100000000000000e-001	4.760615e-008
1.200000000000000e-001	4.789306e-008
1.300000000000000e-001	4.813874e-008
1.400000000000000e-001	4.835539e-008
1.500000000000000e-001	4.855097e-008
1.600000000000000e-001	4.873093e-008
1.700000000000000e-001	4.889900e-008
1.800000000000000e-001	4.905790e-008
1.900000000000000e-001	4.920956e-008
2.000000000000000e-001	4.935544e-008
2.100000000000001e-001	4.949665e-008
2.200000000000001e-001	4.963404e-008
2.300000000000001e-001	4.976825e-008
2.400000000000001e-001	4.989981e-008
2.500000000000001e-001	5.002915e-008
2.600000000000001e-001	5.015659e-008
2.700000000000001e-001	5.028242e-008
2.800000000000001e-001	5.040686e-008
2.900000000000001e-001	5.053010e-008
3.000000000000001e-001	5.065231e-008
3.100000000000001e-001	5.077360e-008
3.200000000000001e-001	5.089410e-008
3.300000000000001e-001	5.101390e-008
3.400000000000001e-001	5.113308e-008
3.500000000000001e-001	5.125172e-008
3.600000000000002e-001	5.136987e-008
3.700000000000002e-001	5.148760e-008
3.800000000000002e-001	5.160494e-008
3.900000000000002e-001	5.172194e-008
4.000000000000002e-001	5.183864e-008
4.100000000000002e-001	5.195506e-008
4.200000000000002e-001	5.207123e-008
4.300000000000002e-001	5.218718e-008
4.400000000000002e-001	5.230292e-008
4.500000000000002e-001	5.241849e-008
4.600000000000002e-001	5.253388e-008
4.700000000000003e-001	5.264912e-008
4.800000000000003e-001	5.276422e-008
4.900000000000003e-001	5.287919e-008
5.000000000000002e-001	5.299403e-008
5.100000000000002e-001	5.310876e-008
5.200000000000002e-001	5.322338e-008
5.300000000000003e-001	5.333790e-008
5.400000000000003e-001	5.345232e-008
5.500000000000003e-001	5.356664e-008
5.600000000000003e-001	5.368086e-008
5.700000000000003e-001	5.379499e-008
5.800000000000003e-001	5.390902e-008
5.900000000000003e-001	5.402295e-008
6.000000000000003e-001	5.413679e-008
6.100000000000003e-001	5.425052e-008
6.200000000000003e-001	5.436414e-008
6.300000000000003e-001	5.447765e-008
6.400000000000004e-001	5.459104e-008
6.500000000000004e-001	5.470430e-008
6.600000000000004e-001	5.481743e-008
6.700000000000004e-001	5.493042e-008
6.800000000000004e-001	5.504326e-008
6.900000000000004e-001	5.515593e-008
7.000000000000004e-001	5.526843e-008
7.100000000000004e-001	5.538074e-008
7.200000000000004e-001	5.549285e-008
7.300000000000004e-001	5.560474e-008
7.400000000000004e-001	5.571641e-008
7.500000000000004e-001	5.582782e-008
7.600000000000005e-001	5.593896e-008
7.700000000000005e-001	5.604982e-008
7.800000000000005e-001	5.616037e-008
7.900000000000005e-001	5.627058e-008
8.000000000000005e-001	5.638044e-008
8.100000000000005e-001	5.648992e-008
8.200000000000005e-001	5.659900e-008
8.300000000000005e-001	5.670764e-008
8.400000000000005e-001	5.681581e-008
8.500000000000005e-001	5.692348e-008
8.600000000000005e-001	5.703062e-008
8.700000000000006e-001	5.713719e-008
8.800000000000006e-001	5.724316e-008
8.900000000000006e-001	5.734847e-008
9.000000000000006e-001	5.745310e-008
9.100000000000006e-001	5.755699e-008
9.200000000000006e-001	5.766010e-008
9.300000000000006e-001	5.776238e-008
9.400000000000006e-001	5.786377e-008
9.500000000000006e-001	5.796423e-008
9.600000000000006e-001	5.806368e-008
9.700000000000006e-001	5.816206e-008
9.800000000000007e-001	5.825932e-008
9.900000000000007e-001	5.835539e-008
1.000000000000001e+000	5.845018e-008
1.010000000000001e+000	5.854363e-008
1.020000000000001e+000	5.863565e-008
1.030000000000001e+000	5.872615e-008
1.040000000000001e+000	5.881506e-008
1.050000000000001e+000	5.890226e-008
1.060000000000001e+000	5.898768e-008
1.070000000000001e+000	5.907119e-008
1.080000000000001e+000	5.915269e-008
1.090000000000001e+000	5.923206e-008
1.100000000000000e+000	5.930919e-008
Step Information: X=150m  (Run: 4/21)
0.000000000000000e+000	6.626220e-013
1.000000000000000e-002	5.114921e-008
2.000000000000000e-002	8.911150e-008
3.000000000000000e-002	1.156776e-007
4.000000000000000e-002	1.332073e-007
5.000000000000000e-002	1.442946e-007
6.000000000000001e-002	1.512311e-007
7.000000000000001e-002	1.556683e-007
8.000000000000000e-002	1.586365e-007
9.000000000000000e-002	1.607330e-007
9.999999999999999e-002	1.622970e-007
1.100000000000000e-001	1.635237e-007
1.200000000000000e-001	1.645286e-007
1.300000000000000e-001	1.653826e-007
1.400000000000000e-001	1.661305e-007
1.500000000000000e-001	1.668017e-007
1.600000000000000e-001	1.674159e-007
1.700000000000000e-001	1.679871e-007
1.800000000000000e-001	1.685250e-007
1.900000000000000e-001	1.690367e-007
2.000000000000000e-001	1.695276e-007
2.100000000000001e-001	1.700015e-007
2.200000000000001e-001	1.704616e-007
2.300000000000001e-001	1.709103e-007
2.400000000000001e-001	1.713495e-007
2.500000000000001e-001	1.717806e-007
2.600000000000001e-001	1.722048e-007
2.700000000000001e-001	1.726233e-007
2.800000000000001e-001	1.730368e-007
2.900000000000001e-001	1.734459e-007
3.000000000000001e-001	1.738513e-007
3.100000000000001e-001	1.742534e-007
3.200000000000001e-001	1.746527e-007
3.300000000000001e-001	1.750495e-007
3.400000000000001e-001	1.754440e-007
3.500000000000001e-001	1.758366e-007
3.600000000000002e-001	1.762275e-007
3.700000000000002e-001	1.766168e-007
3.800000000000002e-001	1.770048e-007
3.900000000000002e-001	1.773917e-007
4.000000000000002e-001	1.777774e-007
4.100000000000002e-001	1.781622e-007
4.200000000000002e-001	1.785462e-007
4.300000000000002e-001	1.789294e-007
4.400000000000002e-001	1.793119e-007
4.500000000000002e-001	1.796939e-007
4.600000000000002e-001	1.800753e-007
4.700000000000003e-001	1.804563e-007
4.800000000000003e-001	1.808369e-007
4.900000000000003e-001	1.812172e-007
5.000000000000002e-001	1.815971e-007
5.100000000000002e-001	1.819768e-007
5.200000000000002e-001	1.823562e-007
5.300000000000003e-001	1.827355e-007
5.400000000000003e-001	1.831145e-007
5.500000000000003e-001	1.834935e-007
5.600000000000003e-001	1.838723e-007
5.700000000000003e-001	1.842510e-007
5.800000000000003e-001	1.846297e-007
5.900000000000003e-001	1.850083e-007
6.000000000000003e-001	1.853869e-007
6.100000000000003e-001	1.857654e-007
6.200000000000003e-001	1.861440e-007
6.300000000000003e-001	1.865225e-007
6.400000000000004e-001	1.869010e-007
6.500000000000004e-001	1.872795e-007
6.600000000000004e-001	1.876581e-007
6.700000000000004e-001	1.880367e-007
6.800000000000004e-001	1.884153e-007
6.900000000000004e-001	1.887939e-007
7.000000000000004e-001	1.891725e-007
7.100000000000004e-001	1.895512e-007
7.200000000000004e-001	1.899299e-007
7.300000000000004e-001	1.903086e-007
7.400000000000004e-001	1.906873e-007
7.500000000000004e-001	1.910661e-007
7.600000000000005e-001	1.914448e-007
7.700000000000005e-001	1.918235e-007
7.800000000000005e-001	1.922022e-007
7.900000000000005e-001	1.925809e-007
8.000000000000005e-001	1.929595e-007
8.100000000000005e-001	1.933381e-007
8.200000000000005e-001	1.937166e-007
8.300000000000005e-001	1.940950e-007
8.400000000000005e-001	1.944733e-007
8.500000000000005e-001	1.948515e-007
8.600000000000005e-001	1.952295e-007
8.700000000000006e-001	1.956073e-007
8.800000000000006e-001	1.959850e-007
8.900000000000006e-001	1.963624e-007
9.000000000000006e-001	1.967395e-007
9.100000000000006e-001	1.971164e-007
9.200000000000006e-001	1.974930e-007
9.300000000000006e-001	1.978692e-007
9.400000000000006e-001	1.982450e-007
9.500000000000006e-001	1.986203e-007
9.600000000000006e-001	1.989952e-007
9.700000000000006e-001	1.993696e-007
9.800000000000007e-001	1.997434e-007
9.900000000000007e-001	2.001166e-007
1.000000000000001e+000	2.004891e-007
1.010000000000001e+000	2.008609e-007
1.020000000000001e+000	2.012319e-007
1.030000000000001e+000	2.016020e-007
1.040000000000001e+000	2.019713e-007
1.050000000000001e+000	2.023395e-007
1.060000000000001e+000	2.027067e-007
1.070000000000001e+000	2.030728e-007
1.080000000000001e+000	2.034377e-007
1.090000000000001e+000	2.038012e-007
1.100000000000000e+000	2.041633e-007
Step Information: X=200m  (Run: 5/21)
0.000000000000000e+000	1.289851e-012
1.000000000000000e-002	1.515508e-007
2.000000000000000e-002	2.679567e-007
3.000000000000000e-002	3.530342e-007
4.000000000000000e-002	4.119745e-007
5.000000000000000e-002	4.509588e-007
6.000000000000001e-002	4.761123e-007
7.000000000000001e-002	4.924148e-007
8.000000000000000e-002	5.033011e-007
9.000000000000000e-002	5.109033e-007
9.999999999999999e-002	5.164829e-007
1.100000000000000e-001	5.207812e-007
1.200000000000000e-001	5.242401e-007
1.300000000000000e-001	5.271307e-007
1.400000000000000e-001	5.296243e-007
1.500000000000000e-001	5.318328e-007
1.600000000000000e-001	5.338309e-007
1.700000000000000e-001	5.356706e-007
1.800000000000000e-001	5.373884e-007
1.900000000000000e-001	5.390107e-007
2.000000000000000e-001	5.405572e-007
2.100000000000001e-001	5.420424e-007
2.200000000000001e-001	5.434777e-007
2.300000000000001e-001	5.448717e-007
2.400000000000001e-001	5.462313e-007
2.500000000000001e-001	5.475620e-007
2.600000000000001e-001	5.488682e-007
2.700000000000001e-001	5.501533e-007
2.800000000000001e-001	5.514205e-007
2.900000000000001e-001	5.526721e-007
3.000000000000001e-001	5.539101e-007
3.100000000000001e-001	5.551364e-007
3.200000000000001e-001	5.563522e-007
3.300000000000001e-001	5.575589e-007
3.400000000000001e-001	5.587576e-007
3.500000000000001e-001	5.599491e-007
3.600000000000002e-001	5.611343e-007
3.700000000000002e-001	5.623138e-007
3.800000000000002e-001	5.634884e-007
3.900000000000002e-001	5.646584e-007
4.000000000000002e-001	5.658243e-007
4.100000000000002e-001	5.669868e-007
4.200000000000002e-001	5.681459e-007
4.300000000000002e-001	5.693023e-007
4.400000000000002e-001	5.704560e-007
4.500000000000002e-001	5.716074e-007
4.600000000000002e-001	5.727568e-007
4.700000000000003e-001	5.739043e-007
4.800000000000003e-001	5.750501e-007
4.900000000000003e-001	5.761946e-007
5.000000000000002e-001	5.773376e-007
5.100000000000002e-001	5.784796e-007
5.200000000000002e-001	5.796205e-007
5.300000000000003e-001	5.807606e-007
5.400000000000003e-001	5.818998e-007
5.500000000000003e-001	5.830384e-007
5.600000000000003e-001	5.841765e-007
5.700000000000003e-001	5.853140e-007
5.800000000000003e-001	5.864512e-007
5.900000000000003e-001	5.875880e-007
6.000000000000003e-001	5.887246e-007
6.100000000000003e-001	5.898609e-007
6.200000000000003e-001	5.909972e-007
6.300000000000003e-001	5.921333e-007
6.400000000000004e-001	5.932695e-007
6.500000000000004e-001	5.944057e-007
6.600000000000004e-001	5.955419e-007
6.700000000000004e-001	5.966783e-007
6.800000000000004e-001	5.978147e-007
6.900000000000004e-001	5.989514e-007
7.000000000000004e-001	6.000882e-007
7.100000000000004e-001	6.012253e-007
7.200000000000004e-001	6.023627e-007
7.300000000000004e-001	6.035003e-007
7.400000000000004e-001	6.046382e-007
7.500000000000004e-001	6.057765e-007
7.600000000000005e-001	6.069151e-007
7.700000000000005e-001	6.080540e-007
7.800000000000005e-001	6.091933e-007
7.900000000000005e-001	6.103329e-007
8.000000000000005e-001	6.114730e-007
8.100000000000005e-001	6.126133e-007
8.200000000000005e-001	6.137541e-007
8.300000000000005e-001	6.148953e-007
8.400000000000005e-001	6.160369e-007
8.500000000000005e-001	6.171789e-007
8.600000000000005e-001	6.183212e-007
8.700000000000006e-001	6.194639e-007
8.800000000000006e-001	6.206071e-007
8.900000000000006e-001	6.217505e-007
9.000000000000006e-001	6.228944e-007
9.100000000000006e-001	6.240385e-007
9.200000000000006e-001	6.251830e-007
9.300000000000006e-001	6.263278e-007
9.400000000000006e-001	6.274729e-007
9.500000000000006e-001	6.286183e-007
9.600000000000006e-001	6.297639e-007
9.700000000000006e-001	6.309097e-007
9.800000000000007e-001	6.320558e-007
9.900000000000007e-001	6.332020e-007
1.000000000000001e+000	6.343483e-007
1.010000000000001e+000	6.354948e-007
1.020000000000001e+000	6.366413e-007
1.030000000000001e+000	6.377878e-007
1.040000000000001e+000	6.389344e-007
1.050000000000001e+000	6.400808e-007
1.060000000000001e+000	6.412272e-007
1.070000000000001e+000	6.423734e-007
1.080000000000001e+000	6.435195e-007
1.090000000000001e+000	6.446652e-007
1.100000000000000e+000	6.458106e-007
Step Information: X=250m  (Run: 6/21)
0.000000000000000e+000	1.357231e-012
1.000000000000000e-002	3.840769e-007
2.000000000000000e-002	6.952749e-007
3.000000000000000e-002	9.388041e-007
4.000000000000000e-002	1.121819e-006
5.000000000000000e-002	1.253614e-006
6.000000000000001e-002	1.345093e-006
7.000000000000001e-002	1.407266e-006
8.000000000000000e-002	1.449550e-006
9.000000000000000e-002	1.478913e-006
9.999999999999999e-002	1.500014e-006
1.100000000000000e-001	1.515801e-006
1.200000000000000e-001	1.528103e-006
1.300000000000000e-001	1.538062e-006
1.400000000000000e-001	1.546400e-006
1.500000000000000e-001	1.553586e-006
1.600000000000000e-001	1.559934e-006
1.700000000000000e-001	1.565658e-006
1.800000000000000e-001	1.570906e-006
1.900000000000000e-001	1.575785e-006
2.000000000000000e-001	1.580373e-006
2.100000000000001e-001	1.584729e-006
2.200000000000001e-001	1.588896e-006
2.300000000000001e-001	1.592908e-006
2.400000000000001e-001	1.596792e-006
2.500000000000001e-001	1.600568e-006
2.600000000000001e-001	1.604253e-006
2.700000000000001e-001	1.607860e-006
2.800000000000001e-001	1.611401e-006
2.900000000000001e-001	1.614884e-006
3.000000000000001e-001	1.618317e-006
3.100000000000001e-001	1.621706e-006
3.200000000000001e-001	1.625058e-006
3.300000000000001e-001	1.628375e-006
3.400000000000001e-001	1.631662e-006
3.500000000000001e-001	1.634923e-006
3.600000000000002e-001	1.638159e-006
3.700000000000002e-001	1.641375e-006
3.800000000000002e-001	1.644571e-006
3.900000000000002e-001	1.647751e-006
4.000000000000002e-001	1.650914e-006
4.100000000000002e-001	1.654064e-006
4.200000000000002e-001	1.657202e-006
4.300000000000002e-001	1.660327e-006
4.400000000000002e-001	1.663443e-006
4.500000000000002e-001	1.666548e-006
4.600000000000002e-001	1.669646e-006
4.700000000000003e-001	1.672735e-006
4.800000000000003e-001	1.675818e-006
4.900000000000003e-001	1.678893e-006
5.000000000000002e-001	1.681963e-006
5.100000000000002e-001	1.685028e-006
5.200000000000002e-001	1.688088e-006
5.300000000000003e-001	1.691143e-006
5.400000000000003e-001	1.694194e-006
5.500000000000003e-001	1.697241e-006
5.600000000000003e-001	1.700285e-006
5.700000000000003e-001	1.703326e-006
5.800000000000003e-001	1.706364e-006
5.900000000000003e-001	1.709400e-006
6.000000000000003e-001	1.712434e-006
6.100000000000003e-001	1.715465e-006
6.200000000000003e-001	1.718495e-006
6.300000000000003e-001	1.721523e-006
6.400000000000004e-001	1.724550e-006
6.500000000000004e-001	1.727575e-006
6.600000000000004e-001	1.730599e-006
6.700000000000004e-001	1.733623e-006
6.800000000000004e-001	1.736646e-006
6.900000000000004e-001	1.739668e-006
7.000000000000004e-001	1.742689e-006
7.100000000000004e-001	1.745710e-006
7.200000000000004e-001	1.748731e-006
7.300000000000004e-001	1.751752e-006
7.400000000000004e-001	1.754772e-006
7.500000000000004e-001	1.757792e-006
7.600000000000005e-001	1.760813e-006
7.700000000000005e-001	1.763834e-006
7.800000000000005e-001	1.766854e-006
7.900000000000005e-001	1.769875e-006
8.000000000000005e-001	1.772897e-006
8.100000000000005e-001	1.775919e-006
8.200000000000005e-001	1.778941e-006
8.300000000000005e-001	1.781964e-006
8.400000000000005e-001	1.784987e-006
8.500000000000005e-001	1.788011e-006
8.600000000000005e-001	1.791035e-006
8.700000000000006e-001	1.794060e-006
8.800000000000006e-001	1.797086e-006
8.900000000000006e-001	1.800113e-006
9.000000000000006e-001	1.803140e-006
9.100000000000006e-001	1.806168e-006
9.200000000000006e-001	1.809197e-006
9.300000000000006e-001	1.812227e-006
9.400000000000006e-001	1.815257e-006
9.500000000000006e-001	1.818289e-006
9.600000000000006e-001	1.821321e-006
9.700000000000006e-001	1.824354e-006
9.800000000000007e-001	1.827388e-006
9.900000000000007e-001	1.830423e-006
1.000000000000001e+000	1.833459e-006
1.010000000000001e+000	1.836495e-006
1.020000000000001e+000	1.839533e-006
1.030000000000001e+000	1.842572e-006
1.040000000000001e+000	1.845611e-006
1.050000000000001e+000	1.848651e-006
1.060000000000001e+000	1.851692e-006
1.070000000000001e+000	1.854734e-006
1.080000000000001e+000	1.857777e-006
1.090000000000001e+000	1.860821e-006
1.100000000000000e+000	1.863865e-006
Step Information: X=300m  (Run: 7/21)
0.000000000000000e+000	-2.657599e-012
1.000000000000000e-002	8.071574e-007
2.000000000000000e-002	1.498185e-006
3.000000000000000e-002	2.077960e-006
4.000000000000000e-002	2.552799e-006
5.000000000000000e-002	2.930873e-006
6.000000000000001e-002	3.222701e-006
7.000000000000001e-002	3.441208e-006
8.000000000000000e-002	3.600901e-006
9.000000000000000e-002	3.716169e-006
9.999999999999999e-002	3.799563e-006
1.100000000000000e-001	3.860852e-006
1.200000000000000e-001	3.907044e-006
1.300000000000000e-001	3.942915e-006
1.400000000000000e-001	3.971649e-006
1.500000000000000e-001	3.995361e-006
1.600000000000000e-001	4.015466e-006
1.700000000000000e-001	4.032927e-006
1.800000000000000e-001	4.048409e-006
1.900000000000000e-001	4.062382e-006
2.000000000000000e-001	4.075184e-006
2.100000000000001e-001	4.087063e-006
2.200000000000001e-001	4.098203e-006
2.300000000000001e-001	4.108743e-006
2.400000000000001e-001	4.118791e-006
2.500000000000001e-001	4.128430e-006
2.600000000000001e-001	4.137728e-006
2.700000000000001e-001	4.146736e-006
2.800000000000001e-001	4.155497e-006
2.900000000000001e-001	4.164046e-006
3.000000000000001e-001	4.172412e-006
3.100000000000001e-001	4.180617e-006
3.200000000000001e-001	4.188683e-006
3.300000000000001e-001	4.196626e-006
3.400000000000001e-001	4.204459e-006
3.500000000000001e-001	4.212196e-006
3.600000000000002e-001	4.219847e-006
3.700000000000002e-001	4.227421e-006
3.800000000000002e-001	4.234924e-006
3.900000000000002e-001	4.242365e-006
4.000000000000002e-001	4.249749e-006
4.100000000000002e-001	4.257082e-006
4.200000000000002e-001	4.264367e-006
4.300000000000002e-001	4.271610e-006
4.400000000000002e-001	4.278814e-006
4.500000000000002e-001	4.285982e-006
4.600000000000002e-001	4.293117e-006
4.700000000000003e-001	4.300222e-006
4.800000000000003e-001	4.307300e-006
4.900000000000003e-001	4.314351e-006
5.000000000000002e-001	4.321379e-006
5.100000000000002e-001	4.328384e-006
5.200000000000002e-001	4.335370e-006
5.300000000000003e-001	4.342336e-006
5.400000000000003e-001	4.349285e-006
5.500000000000003e-001	4.356218e-006
5.600000000000003e-001	4.363135e-006
5.700000000000003e-001	4.370039e-006
5.800000000000003e-001	4.376929e-006
5.900000000000003e-001	4.383807e-006
6.000000000000003e-001	4.390673e-006
6.100000000000003e-001	4.397529e-006
6.200000000000003e-001	4.404375e-006
6.300000000000003e-001	4.411212e-006
6.400000000000004e-001	4.418040e-006
6.500000000000004e-001	4.424859e-006
6.600000000000004e-001	4.431671e-006
6.700000000000004e-001	4.438476e-006
6.800000000000004e-001	4.445274e-006
6.900000000000004e-001	4.452067e-006
7.000000000000004e-001	4.458853e-006
7.100000000000004e-001	4.465634e-006
7.200000000000004e-001	4.472410e-006
7.300000000000004e-001	4.479181e-006
7.400000000000004e-001	4.485948e-006
7.500000000000004e-001	4.492710e-006
7.600000000000005e-001	4.499469e-006
7.700000000000005e-001	4.506224e-006
7.800000000000005e-001	4.512975e-006
7.900000000000005e-001	4.519724e-006
8.000000000000005e-001	4.526470e-006
8.100000000000005e-001	4.533213e-006
8.200000000000005e-001	4.539954e-006
8.300000000000005e-001	4.546692e-006
8.400000000000005e-001	4.553428e-006
8.500000000000005e-001	4.560162e-006
8.600000000000005e-001	4.566895e-006
8.700000000000006e-001	4.573626e-006
8.800000000000006e-001	4.580355e-006
8.900000000000006e-001	4.587083e-006
9.000000000000006e-001	4.593810e-006
9.100000000000006e-001	4.600535e-006
9.200000000000006e-001	4.607260e-006
9.300000000000006e-001	4.613984e-006
9.400000000000006e-001	4.620707e-006
9.500000000000006e-001	4.627429e-006
9.600000000000006e-001	4.634151e-006
9.700000000000006e-001	4.640872e-006
9.800000000000007e-001	4.647593e-006
9.900000000000007e-001	4.654313e-006
1.000000000000001e+000	4.661033e-006
1.010000000000001e+000	4.667753e-006
1.020000000000001e+000	4.674473e-006
1.030000000000001e+000	4.681193e-006
1.040000000000001e+000	4.687913e-006
1.050000000000001e+000	4.694633e-006
1.060000000000001e+000	4.701353e-006
1.070000000000001e+000	4.708073e-006
1.080000000000001e+000	4.714794e-006
1.090000000000001e+000	4.721514e-006
1.100000000000000e+000	4.728236e-006
Step Information: X=350m  (Run: 8/21)
0.000000000000000e+000	-1.493498e-011
1.000000000000000e-002	1.403688e-006
2.000000000000000e-002	2.656716e-006
3.000000000000000e-002	3.763058e-006
4.000000000000000e-002	4.727429e-006
5.000000000000000e-002	5.555385e-006
6.000000000000001e-002	6.253669e-006
7.000000000000001e-002	6.830697e-006
8.000000000000000e-002	7.297051e-006
9.000000000000000e-002	7.665693e-006
9.999999999999999e-002	7.951570e-006
1.100000000000000e-001	8.170459e-006
1.200000000000000e-001	8.337420e-006
1.300000000000000e-001	8.465491e-006
1.400000000000000e-001	8.565080e-006
1.500000000000000e-001	8.644013e-006
1.600000000000000e-001	8.707962e-006
1.700000000000000e-001	8.760957e-006
1.800000000000000e-001	8.805848e-006
1.900000000000000e-001	8.844654e-006
2.000000000000000e-001	8.878823e-006
2.100000000000001e-001	8.909403e-006
2.200000000000001e-001	8.937164e-006
2.300000000000001e-001	8.962680e-006
2.400000000000001e-001	8.986384e-006
2.500000000000001e-001	9.008609e-006
2.600000000000001e-001	9.029612e-006
2.700000000000001e-001	9.049595e-006
2.800000000000001e-001	9.068721e-006
2.900000000000001e-001	9.087117e-006
3.000000000000001e-001	9.104890e-006
3.100000000000001e-001	9.122125e-006
3.200000000000001e-001	9.138891e-006
3.300000000000001e-001	9.155250e-006
3.400000000000001e-001	9.171251e-006
3.500000000000001e-001	9.186935e-006
3.600000000000002e-001	9.202337e-006
3.700000000000002e-001	9.217490e-006
3.800000000000002e-001	9.232416e-006
3.900000000000002e-001	9.247142e-006
4.000000000000002e-001	9.261686e-006
4.100000000000002e-001	9.276064e-006
4.200000000000002e-001	9.290292e-006
4.300000000000002e-001	9.304384e-006
4.400000000000002e-001	9.318350e-006
4.500000000000002e-001	9.332202e-006
4.600000000000002e-001	9.345949e-006
4.700000000000003e-001	9.359599e-006
4.800000000000003e-001	9.373160e-006
4.900000000000003e-001	9.386637e-006
5.000000000000002e-001	9.400039e-006
5.100000000000002e-001	9.413368e-006
5.200000000000002e-001	9.426632e-006
5.300000000000003e-001	9.439834e-006
5.400000000000003e-001	9.452977e-006
5.500000000000003e-001	9.466067e-006
5.600000000000003e-001	9.479106e-006
5.700000000000003e-001	9.492098e-006
5.800000000000003e-001	9.505045e-006
5.900000000000003e-001	9.517949e-006
6.000000000000003e-001	9.530815e-006
6.100000000000003e-001	9.543644e-006
6.200000000000003e-001	9.556436e-006
6.300000000000003e-001	9.569196e-006
6.400000000000004e-001	9.581924e-006
6.500000000000004e-001	9.594623e-006
6.600000000000004e-001	9.607294e-006
6.700000000000004e-001	9.619936e-006
6.800000000000004e-001	9.632555e-006
6.900000000000004e-001	9.645149e-006
7.000000000000004e-001	9.657720e-006
7.100000000000004e-001	9.670268e-006
7.200000000000004e-001	9.682796e-006
7.300000000000004e-001	9.695304e-006
7.400000000000004e-001	9.707793e-006
7.500000000000004e-001	9.720264e-006
7.600000000000005e-001	9.732717e-006
7.700000000000005e-001	9.745154e-006
7.800000000000005e-001	9.757575e-006
7.900000000000005e-001	9.769980e-006
8.000000000000005e-001	9.782371e-006
8.100000000000005e-001	9.794749e-006
8.200000000000005e-001	9.807112e-006
8.300000000000005e-001	9.819462e-006
8.400000000000005e-001	9.831801e-006
8.500000000000005e-001	9.844128e-006
8.600000000000005e-001	9.856442e-006
8.700000000000006e-001	9.868747e-006
8.800000000000006e-001	9.881041e-006
8.900000000000006e-001	9.893323e-006
9.000000000000006e-001	9.905597e-006
9.100000000000006e-001	9.917861e-006
9.200000000000006e-001	9.930116e-006
9.300000000000006e-001	9.942362e-006
9.400000000000006e-001	9.954600e-006
9.500000000000006e-001	9.966830e-006
9.600000000000006e-001	9.979050e-006
9.700000000000006e-001	9.991265e-006
9.800000000000007e-001	1.000347e-005
9.900000000000007e-001	1.001567e-005
1.000000000000001e+000	1.002786e-005
1.010000000000001e+000	1.004005e-005
1.020000000000001e+000	1.005223e-005
1.030000000000001e+000	1.006440e-005
1.040000000000001e+000	1.007657e-005
1.050000000000001e+000	1.008873e-005
1.060000000000001e+000	1.010089e-005
1.070000000000001e+000	1.011304e-005
1.080000000000001e+000	1.012519e-005
1.090000000000001e+000	1.013733e-005
1.100000000000000e+000	1.014946e-005
Step Information: X=400m  (Run: 9/21)
0.000000000000000e+000	-3.780099e-011
1.000000000000000e-002	2.083693e-006
2.000000000000000e-002	3.995588e-006
3.000000000000000e-002	5.738962e-006
4.000000000000000e-002	7.317479e-006
5.000000000000000e-002	8.735115e-006
6.000000000000001e-002	9.996235e-006
7.000000000000001e-002	1.110578e-005
8.000000000000000e-002	1.206954e-005
9.000000000000000e-002	1.289456e-005
9.999999999999999e-002	1.358958e-005
1.100000000000000e-001	1.416541e-005
1.200000000000000e-001	1.463498e-005
1.300000000000000e-001	1.501290e-005
1.400000000000000e-001	1.531453e-005
1.500000000000000e-001	1.555471e-005
1.600000000000000e-001	1.574671e-005
1.700000000000000e-001	1.590165e-005
1.800000000000000e-001	1.602836e-005
1.900000000000000e-001	1.613363e-005
2.000000000000000e-001	1.622255e-005
2.100000000000001e-001	1.629892e-005
2.200000000000001e-001	1.636556e-005
2.300000000000001e-001	1.642458e-005
2.400000000000001e-001	1.647755e-005
2.500000000000001e-001	1.652567e-005
2.600000000000001e-001	1.656985e-005
2.700000000000001e-001	1.661082e-005
2.800000000000001e-001	1.664910e-005
2.900000000000001e-001	1.668516e-005
3.000000000000001e-001	1.671933e-005
3.100000000000001e-001	1.675190e-005
3.200000000000001e-001	1.678310e-005
3.300000000000001e-001	1.681312e-005
3.400000000000001e-001	1.684210e-005
3.500000000000001e-001	1.687018e-005
3.600000000000002e-001	1.689748e-005
3.700000000000002e-001	1.692408e-005
3.800000000000002e-001	1.695005e-005
3.900000000000002e-001	1.697547e-005
4.000000000000002e-001	1.700040e-005
4.100000000000002e-001	1.702488e-005
4.200000000000002e-001	1.704896e-005
4.300000000000002e-001	1.707267e-005
4.400000000000002e-001	1.709605e-005
4.500000000000002e-001	1.711913e-005
4.600000000000002e-001	1.714193e-005
4.700000000000003e-001	1.716447e-005
4.800000000000003e-001	1.718678e-005
4.900000000000003e-001	1.720887e-005
5.000000000000002e-001	1.723077e-005
5.100000000000002e-001	1.725248e-005
5.200000000000002e-001	1.727401e-005
5.300000000000003e-001	1.729539e-005
5.400000000000003e-001	1.731662e-005
5.500000000000003e-001	1.733771e-005
5.600000000000003e-001	1.735866e-005
5.700000000000003e-001	1.737950e-005
5.800000000000003e-001	1.740022e-005
5.900000000000003e-001	1.742083e-005
6.000000000000003e-001	1.744134e-005
6.100000000000003e-001	1.746175e-005
6.200000000000003e-001	1.748207e-005
6.300000000000003e-001	1.750231e-005
6.400000000000004e-001	1.752246e-005
6.500000000000004e-001	1.754254e-005
6.600000000000004e-001	1.756254e-005
6.700000000000004e-001	1.758247e-005
6.800000000000004e-001	1.760234e-005
6.900000000000004e-001	1.762214e-005
7.000000000000004e-001	1.764188e-005
7.100000000000004e-001	1.766156e-005
7.200000000000004e-001	1.768119e-005
7.300000000000004e-001	1.770077e-005
7.400000000000004e-001	1.772029e-005
7.500000000000004e-001	1.773977e-005
7.600000000000005e-001	1.775919e-005
7.700000000000005e-001	1.777858e-005
7.800000000000005e-001	1.779792e-005
7.900000000000005e-001	1.781721e-005
8.000000000000005e-001	1.783647e-005
8.100000000000005e-001	1.785569e-005
8.200000000000005e-001	1.787487e-005
8.300000000000005e-001	1.789402e-005
8.400000000000005e-001	1.791313e-005
8.500000000000005e-001	1.793221e-005
8.600000000000005e-001	1.795126e-005
8.700000000000006e-001	1.797027e-005
8.800000000000006e-001	1.798925e-005
8.900000000000006e-001	1.800821e-005
9.000000000000006e-001	1.802713e-005
9.100000000000006e-001	1.804603e-005
9.200000000000006e-001	1.806490e-005
9.300000000000006e-001	1.808375e-005
9.400000000000006e-001	1.810256e-005
9.500000000000006e-001	1.812136e-005
9.600000000000006e-001	1.814013e-005
9.700000000000006e-001	1.815888e-005
9.800000000000007e-001	1.817760e-005
9.900000000000007e-001	1.819630e-005
1.000000000000001e+000	1.821498e-005
1.010000000000001e+000	1.823364e-005
1.020000000000001e+000	1.825228e-005
1.030000000000001e+000	1.827090e-005
1.040000000000001e+000	1.828950e-005
1.050000000000001e+000	1.830808e-005
1.060000000000001e+000	1.832664e-005
1.070000000000001e+000	1.834518e-005
1.080000000000001e+000	1.836371e-005
1.090000000000001e+000	1.838222e-005
1.100000000000000e+000	1.840071e-005
Step Information: X=450m  (Run: 10/21)
0.000000000000000e+000	-7.517508e-011
1.000000000000000e-002	2.760072e-006
2.000000000000000e-002	5.337940e-006
3.000000000000000e-002	7.736377e-006
4.000000000000000e-002	9.958428e-006
5.000000000000000e-002	1.200725e-005
6.000000000000001e-002	1.388612e-005
7.000000000000001e-002	1.559843e-005
8.000000000000000e-002	1.714783e-005
9.000000000000000e-002	1.853828e-005
9.999999999999999e-002	1.977436e-005
1.100000000000000e-001	2.086148e-005
1.200000000000000e-001	2.180625e-005
1.300000000000000e-001	2.261689e-005
1.400000000000000e-001	2.330348e-005
1.500000000000000e-001	2.387802e-005
1.600000000000000e-001	2.435405e-005
1.700000000000000e-001	2.474591e-005
1.800000000000000e-001	2.506777e-005
1.900000000000000e-001	2.533271e-005
2.000000000000000e-001	2.555218e-005
2.100000000000001e-001	2.573568e-005
2.200000000000001e-001	2.589087e-005
2.300000000000001e-001	2.602379e-005
2.400000000000001e-001	2.613909e-005
2.500000000000001e-001	2.624040e-005
2.600000000000001e-001	2.633049e-005
2.700000000000001e-001	2.641152e-005
2.800000000000001e-001	2.648516e-005
2.900000000000001e-001	2.655271e-005
3.000000000000001e-001	2.661521e-005
3.100000000000001e-001	2.667348e-005
3.200000000000001e-001	2.672819e-005
3.300000000000001e-001	2.677985e-005
3.400000000000001e-001	2.682892e-005
3.500000000000001e-001	2.687573e-005
3.600000000000002e-001	2.692060e-005
3.700000000000002e-001	2.696377e-005
3.800000000000002e-001	2.700544e-005
3.900000000000002e-001	2.704579e-005
4.000000000000002e-001	2.708497e-005
4.100000000000002e-001	2.712311e-005
4.200000000000002e-001	2.716031e-005
4.300000000000002e-001	2.719667e-005
4.400000000000002e-001	2.723227e-005
4.500000000000002e-001	2.726718e-005
4.600000000000002e-001	2.730147e-005
4.700000000000003e-001	2.733519e-005
4.800000000000003e-001	2.736838e-005
4.900000000000003e-001	2.740110e-005
5.000000000000002e-001	2.743339e-005
5.100000000000002e-001	2.746526e-005
5.200000000000002e-001	2.749676e-005
5.300000000000003e-001	2.752791e-005
5.400000000000003e-001	2.755874e-005
5.500000000000003e-001	2.758927e-005
5.600000000000003e-001	2.761952e-005
5.700000000000003e-001	2.764951e-005
5.800000000000003e-001	2.767926e-005
5.900000000000003e-001	2.770877e-005
6.000000000000003e-001	2.773807e-005
6.100000000000003e-001	2.776716e-005
6.200000000000003e-001	2.779606e-005
6.300000000000003e-001	2.782478e-005
6.400000000000004e-001	2.785333e-005
6.500000000000004e-001	2.788172e-005
6.600000000000004e-001	2.790995e-005
6.700000000000004e-001	2.793804e-005
6.800000000000004e-001	2.796599e-005
6.900000000000004e-001	2.799380e-005
7.000000000000004e-001	2.802149e-005
7.100000000000004e-001	2.804906e-005
7.200000000000004e-001	2.807652e-005
7.300000000000004e-001	2.810386e-005
7.400000000000004e-001	2.813110e-005
7.500000000000004e-001	2.815824e-005
7.600000000000005e-001	2.818528e-005
7.700000000000005e-001	2.821223e-005
7.800000000000005e-001	2.823909e-005
7.900000000000005e-001	2.826586e-005
8.000000000000005e-001	2.829255e-005
8.100000000000005e-001	2.831916e-005
8.200000000000005e-001	2.834569e-005
8.300000000000005e-001	2.837215e-005
8.400000000000005e-001	2.839854e-005
8.500000000000005e-001	2.842486e-005
8.600000000000005e-001	2.845111e-005
8.700000000000006e-001	2.847729e-005
8.800000000000006e-001	2.850341e-005
8.900000000000006e-001	2.852947e-005
9.000000000000006e-001	2.855548e-005
9.100000000000006e-001	2.858142e-005
9.200000000000006e-001	2.860731e-005
9.300000000000006e-001	2.863314e-005
9.400000000000006e-001	2.865892e-005
9.500000000000006e-001	2.868465e-005
9.600000000000006e-001	2.871033e-005
9.700000000000006e-001	2.873596e-005
9.800000000000007e-001	2.876154e-005
9.900000000000007e-001	2.878708e-005
1.000000000000001e+000	2.881257e-005
1.010000000000001e+000	2.883801e-005
1.020000000000001e+000	2.886341e-005
1.030000000000001e+000	2.888878e-005
1.040000000000001e+000	2.891410e-005
1.050000000000001e+000	2.893938e-005
1.060000000000001e+000	2.896461e-005
1.070000000000001e+000	2.898982e-005
1.080000000000001e+000	2.901498e-005
1.090000000000001e+000	2.904011e-005
1.100000000000000e+000	2.906520e-005
Step Information: X=500m  (Run: 11/21)
0.000000000000000e+000	-1.329835e-010
1.000000000000000e-002	3.385684e-006
2.000000000000000e-002	6.585671e-006
3.000000000000000e-002	9.602330e-006
4.000000000000000e-002	1.243829e-005
5.000000000000000e-002	1.509622e-005
6.000000000000001e-002	1.757882e-005
7.000000000000001e-002	1.988878e-005
8.000000000000000e-002	2.202884e-005
9.000000000000000e-002	2.400178e-005
9.999999999999999e-002	2.581048e-005
1.100000000000000e-001	2.745805e-005
1.200000000000000e-001	2.894795e-005
1.300000000000000e-001	3.028421e-005
1.400000000000000e-001	3.147169e-005
1.500000000000000e-001	3.251641e-005
1.600000000000000e-001	3.342587e-005
1.700000000000000e-001	3.420931e-005
1.800000000000000e-001	3.487767e-005
1.900000000000000e-001	3.544335e-005
2.000000000000000e-001	3.591958e-005
2.100000000000001e-001	3.631965e-005
2.200000000000001e-001	3.665616e-005
2.300000000000001e-001	3.694042e-005
2.400000000000001e-001	3.718219e-005
2.500000000000001e-001	3.738960e-005
2.600000000000001e-001	3.756929e-005
2.700000000000001e-001	3.772656e-005
2.800000000000001e-001	3.786565e-005
2.900000000000001e-001	3.798990e-005
3.000000000000001e-001	3.810196e-005
3.100000000000001e-001	3.820395e-005
3.200000000000001e-001	3.829754e-005
3.300000000000001e-001	3.838409e-005
3.400000000000001e-001	3.846468e-005
3.500000000000001e-001	3.854020e-005
3.600000000000002e-001	3.861138e-005
3.700000000000002e-001	3.867881e-005
3.800000000000002e-001	3.874299e-005
3.900000000000002e-001	3.880433e-005
4.000000000000002e-001	3.886317e-005
4.100000000000002e-001	3.891982e-005
4.200000000000002e-001	3.897453e-005
4.300000000000002e-001	3.902750e-005
4.400000000000002e-001	3.907892e-005
4.500000000000002e-001	3.912894e-005
4.600000000000002e-001	3.917771e-005
4.700000000000003e-001	3.922535e-005
4.800000000000003e-001	3.927195e-005
4.900000000000003e-001	3.931761e-005
5.000000000000002e-001	3.936242e-005
5.100000000000002e-001	3.940644e-005
5.200000000000002e-001	3.944973e-005
5.300000000000003e-001	3.949236e-005
5.400000000000003e-001	3.953438e-005
5.500000000000003e-001	3.957583e-005
5.600000000000003e-001	3.961674e-005
5.700000000000003e-001	3.965717e-005
5.800000000000003e-001	3.969714e-005
5.900000000000003e-001	3.973667e-005
6.000000000000003e-001	3.977582e-005
6.100000000000003e-001	3.981458e-005
6.200000000000003e-001	3.985299e-005
6.300000000000003e-001	3.989107e-005
6.400000000000004e-001	3.992884e-005
6.500000000000004e-001	3.996631e-005
6.600000000000004e-001	4.000350e-005
6.700000000000004e-001	4.004043e-005
6.800000000000004e-001	4.007711e-005
6.900000000000004e-001	4.011354e-005
7.000000000000004e-001	4.014976e-005
7.100000000000004e-001	4.018576e-005
7.200000000000004e-001	4.022155e-005
7.300000000000004e-001	4.025715e-005
7.400000000000004e-001	4.029256e-005
7.500000000000004e-001	4.032779e-005
7.600000000000005e-001	4.036285e-005
7.700000000000005e-001	4.039775e-005
7.800000000000005e-001	4.043249e-005
7.900000000000005e-001	4.046708e-005
8.000000000000005e-001	4.050152e-005
8.100000000000005e-001	4.053582e-005
8.200000000000005e-001	4.056999e-005
8.300000000000005e-001	4.060403e-005
8.400000000000005e-001	4.063794e-005
8.500000000000005e-001	4.067174e-005
8.600000000000005e-001	4.070541e-005
8.700000000000006e-001	4.073897e-005
8.800000000000006e-001	4.077243e-005
8.900000000000006e-001	4.080577e-005
9.000000000000006e-001	4.083902e-005
9.100000000000006e-001	4.087216e-005
9.200000000000006e-001	4.090521e-005
9.300000000000006e-001	4.093816e-005
9.400000000000006e-001	4.097103e-005
9.500000000000006e-001	4.100380e-005
9.600000000000006e-001	4.103648e-005
9.700000000000006e-001	4.106909e-005
9.800000000000007e-001	4.110161e-005
9.900000000000007e-001	4.113405e-005
1.000000000000001e+000	4.116641e-005
1.010000000000001e+000	4.119870e-005
1.020000000000001e+000	4.123091e-005
1.030000000000001e+000	4.126305e-005
1.040000000000001e+000	4.129512e-005
1.050000000000001e+000	4.132712e-005
1.060000000000001e+000	4.135905e-005
1.070000000000001e+000	4.139092e-005
1.080000000000001e+000	4.142272e-005
1.090000000000001e+000	4.145446e-005
1.100000000000000e+000	4.148614e-005
Step Information: X=550m  (Run: 12/21)
0.000000000000000e+000	-2.191068e-010
1.000000000000000e-002	3.945619e-006
2.000000000000000e-002	7.706159e-006
3.000000000000000e-002	1.128363e-005
4.000000000000000e-002	1.468034e-005
5.000000000000000e-002	1.789861e-005
6.000000000000001e-002	2.094079e-005
7.000000000000001e-002	2.380916e-005
8.000000000000000e-002	2.650599e-005
9.000000000000000e-002	2.903352e-005
9.999999999999999e-002	3.139396e-005
1.100000000000000e-001	3.358954e-005
1.200000000000000e-001	3.562250e-005
1.300000000000000e-001	3.749522e-005
1.400000000000000e-001	3.921028e-005
1.500000000000000e-001	4.077064e-005
1.600000000000000e-001	4.217982e-005
1.700000000000000e-001	4.344219e-005
1.800000000000000e-001	4.456320e-005
1.900000000000000e-001	4.554977e-005
2.000000000000000e-001	4.641037e-005
2.100000000000001e-001	4.715510e-005
2.200000000000001e-001	4.779535e-005
2.300000000000001e-001	4.834337e-005
2.400000000000001e-001	4.881155e-005
2.500000000000001e-001	4.921185e-005
2.600000000000001e-001	4.955519e-005
2.700000000000001e-001	4.985126e-005
2.800000000000001e-001	5.010829e-005
2.900000000000001e-001	5.033321e-005
3.000000000000001e-001	5.053170e-005
3.100000000000001e-001	5.070837e-005
3.200000000000001e-001	5.086698e-005
3.300000000000001e-001	5.101055e-005
3.400000000000001e-001	5.114153e-005
3.500000000000001e-001	5.126192e-005
3.600000000000002e-001	5.137333e-005
3.700000000000002e-001	5.147708e-005
3.800000000000002e-001	5.157427e-005
3.900000000000002e-001	5.166579e-005
4.000000000000002e-001	5.175240e-005
4.100000000000002e-001	5.183472e-005
4.200000000000002e-001	5.191327e-005
4.300000000000002e-001	5.198851e-005
4.400000000000002e-001	5.206081e-005
4.500000000000002e-001	5.213050e-005
4.600000000000002e-001	5.219785e-005
4.700000000000003e-001	5.226311e-005
4.800000000000003e-001	5.232648e-005
4.900000000000003e-001	5.238815e-005
5.000000000000002e-001	5.244827e-005
5.100000000000002e-001	5.250699e-005
5.200000000000002e-001	5.256443e-005
5.300000000000003e-001	5.262069e-005
5.400000000000003e-001	5.267587e-005
5.500000000000003e-001	5.273006e-005
5.600000000000003e-001	5.278333e-005
5.700000000000003e-001	5.283576e-005
5.800000000000003e-001	5.288740e-005
5.900000000000003e-001	5.293831e-005
6.000000000000003e-001	5.298854e-005
6.100000000000003e-001	5.303814e-005
6.200000000000003e-001	5.308715e-005
6.300000000000003e-001	5.313559e-005
6.400000000000004e-001	5.318352e-005
6.500000000000004e-001	5.323096e-005
6.600000000000004e-001	5.327794e-005
6.700000000000004e-001	5.332448e-005
6.800000000000004e-001	5.337061e-005
6.900000000000004e-001	5.341635e-005
7.000000000000004e-001	5.346172e-005
7.100000000000004e-001	5.350675e-005
7.200000000000004e-001	5.355144e-005
7.300000000000004e-001	5.359581e-005
7.400000000000004e-001	5.363989e-005
7.500000000000004e-001	5.368367e-005
7.600000000000005e-001	5.372718e-005
7.700000000000005e-001	5.377044e-005
7.800000000000005e-001	5.381343e-005
7.900000000000005e-001	5.385619e-005
8.000000000000005e-001	5.389872e-005
8.100000000000005e-001	5.394103e-005
8.200000000000005e-001	5.398312e-005
8.300000000000005e-001	5.402501e-005
8.400000000000005e-001	5.406671e-005
8.500000000000005e-001	5.410821e-005
8.600000000000005e-001	5.414953e-005
8.700000000000006e-001	5.419068e-005
8.800000000000006e-001	5.423165e-005
8.900000000000006e-001	5.427246e-005
9.000000000000006e-001	5.431311e-005
9.100000000000006e-001	5.435360e-005
9.200000000000006e-001	5.439395e-005
9.300000000000006e-001	5.443415e-005
9.400000000000006e-001	5.447420e-005
9.500000000000006e-001	5.451412e-005
9.600000000000006e-001	5.455391e-005
9.700000000000006e-001	5.459357e-005
9.800000000000007e-001	5.463310e-005
9.900000000000007e-001	5.467251e-005
1.000000000000001e+000	5.471180e-005
1.010000000000001e+000	5.475097e-005
1.020000000000001e+000	5.479003e-005
1.030000000000001e+000	5.482898e-005
1.040000000000001e+000	5.486782e-005
1.050000000000001e+000	5.490656e-005
1.060000000000001e+000	5.494519e-005
1.070000000000001e+000	5.498372e-005
1.080000000000001e+000	5.502216e-005
1.090000000000001e+000	5.506049e-005
1.100000000000000e+000	5.509874e-005
Step Information: X=600m  (Run: 13/21)
0.000000000000000e+000	-3.438521e-010
1.000000000000000e-002	4.440778e-006
2.000000000000000e-002	8.699476e-006
3.000000000000000e-002	1.277775e-005
4.000000000000000e-002	1.667765e-005
5.000000000000000e-002	2.040125e-005
6.000000000000001e-002	2.395060e-005
7.000000000000001e-002	2.732771e-005
8.000000000000000e-002	3.053457e-005
9.000000000000000e-002	3.357310e-005
9.999999999999999e-002	3.644518e-005
1.100000000000000e-001	3.915262e-005
1.200000000000000e-001	4.169719e-005
1.300000000000000e-001	4.408064e-005
1.400000000000000e-001	4.630469e-005
1.500000000000000e-001	4.837114e-005
1.600000000000000e-001	5.028188e-005
1.700000000000000e-001	5.203904e-005
1.800000000000000e-001	5.364515e-005
1.900000000000000e-001	5.510332e-005
2.000000000000000e-001	5.641751e-005
2.100000000000001e-001	5.759281e-005
2.200000000000001e-001	5.863564e-005
2.300000000000001e-001	5.955396e-005
2.400000000000001e-001	6.035718e-005
2.500000000000001e-001	6.105591e-005
2.600000000000001e-001	6.166157e-005
2.700000000000001e-001	6.218574e-005
2.800000000000001e-001	6.263967e-005
2.900000000000001e-001	6.303383e-005
3.000000000000001e-001	6.337756e-005
3.100000000000001e-001	6.367901e-005
3.200000000000001e-001	6.394515e-005
3.300000000000001e-001	6.418178e-005
3.400000000000001e-001	6.439374e-005
3.500000000000001e-001	6.458499e-005
3.600000000000002e-001	6.475882e-005
3.700000000000002e-001	6.491791e-005
3.800000000000002e-001	6.506447e-005
3.900000000000002e-001	6.520032e-005
4.000000000000002e-001	6.532697e-005
4.100000000000002e-001	6.544568e-005
4.200000000000002e-001	6.555749e-005
4.300000000000002e-001	6.566328e-005
4.400000000000002e-001	6.576379e-005
4.500000000000002e-001	6.585965e-005
4.600000000000002e-001	6.595139e-005
4.700000000000003e-001	6.603947e-005
4.800000000000003e-001	6.612428e-005
4.900000000000003e-001	6.620616e-005
5.000000000000002e-001	6.628540e-005
5.100000000000002e-001	6.636226e-005
5.200000000000002e-001	6.643697e-005
5.300000000000003e-001	6.650972e-005
5.400000000000003e-001	6.658068e-005
5.500000000000003e-001	6.665001e-005
5.600000000000003e-001	6.671783e-005
5.700000000000003e-001	6.678428e-005
5.800000000000003e-001	6.684946e-005
5.900000000000003e-001	6.691347e-005
6.000000000000003e-001	6.697638e-005
6.100000000000003e-001	6.703829e-005
6.200000000000003e-001	6.709926e-005
6.300000000000003e-001	6.715936e-005
6.400000000000004e-001	6.721863e-005
6.500000000000004e-001	6.727714e-005
6.600000000000004e-001	6.733494e-005
6.700000000000004e-001	6.739205e-005
6.800000000000004e-001	6.744853e-005
6.900000000000004e-001	6.750442e-005
7.000000000000004e-001	6.755975e-005
7.100000000000004e-001	6.761454e-005
7.200000000000004e-001	6.766881e-005
7.300000000000004e-001	6.772262e-005
7.400000000000004e-001	6.777597e-005
7.500000000000004e-001	6.782889e-005
7.600000000000005e-001	6.788139e-005
7.700000000000005e-001	6.793350e-005
7.800000000000005e-001	6.798524e-005
7.900000000000005e-001	6.803662e-005
8.000000000000005e-001	6.808766e-005
8.100000000000005e-001	6.813837e-005
8.200000000000005e-001	6.818877e-005
8.300000000000005e-001	6.823886e-005
8.400000000000005e-001	6.828867e-005
8.500000000000005e-001	6.833820e-005
8.600000000000005e-001	6.838746e-005
8.700000000000006e-001	6.843646e-005
8.800000000000006e-001	6.848522e-005
8.900000000000006e-001	6.853374e-005
9.000000000000006e-001	6.858202e-005
9.100000000000006e-001	6.863008e-005
9.200000000000006e-001	6.867792e-005
9.300000000000006e-001	6.872555e-005
9.400000000000006e-001	6.877298e-005
9.500000000000006e-001	6.882021e-005
9.600000000000006e-001	6.886726e-005
9.700000000000006e-001	6.891412e-005
9.800000000000007e-001	6.896079e-005
9.900000000000007e-001	6.900729e-005
1.000000000000001e+000	6.905363e-005
1.010000000000001e+000	6.909979e-005
1.020000000000001e+000	6.914580e-005
1.030000000000001e+000	6.919164e-005
1.040000000000001e+000	6.923734e-005
1.050000000000001e+000	6.928288e-005
1.060000000000001e+000	6.932828e-005
1.070000000000001e+000	6.937353e-005
1.080000000000001e+000	6.941865e-005
1.090000000000001e+000	6.946363e-005
1.100000000000000e+000	6.950848e-005
Step Information: X=650m  (Run: 14/21)
0.000000000000000e+000	-5.206682e-010
1.000000000000000e-002	4.877576e-006
2.000000000000000e-002	9.577443e-006
3.000000000000000e-002	1.410088e-005
4.000000000000000e-002	1.844973e-005
5.000000000000000e-002	2.262584e-005
6.000000000000001e-002	2.663104e-005
7.000000000000001e-002	3.046714e-005
8.000000000000000e-002	3.413590e-005
9.000000000000000e-002	3.763903e-005
9.999999999999999e-002	4.097819e-005
1.100000000000000e-001	4.415497e-005
1.200000000000000e-001	4.717090e-005
1.300000000000000e-001	5.002744e-005
1.400000000000000e-001	5.272599e-005
1.500000000000000e-001	5.526789e-005
1.600000000000000e-001	5.765444e-005
1.700000000000000e-001	5.988696e-005
1.800000000000000e-001	6.196682e-005
1.900000000000000e-001	6.389550e-005
2.000000000000000e-001	6.567479e-005
2.100000000000001e-001	6.730685e-005
2.200000000000001e-001	6.879451e-005
2.300000000000001e-001	7.014147e-005
2.400000000000001e-001	7.135254e-005
2.500000000000001e-001	7.243389e-005
2.600000000000001e-001	7.339306e-005
2.700000000000001e-001	7.423899e-005
2.800000000000001e-001	7.498168e-005
2.900000000000001e-001	7.563185e-005
3.000000000000001e-001	7.620036e-005
3.100000000000001e-001	7.669782e-005
3.200000000000001e-001	7.713412e-005
3.300000000000001e-001	7.751823e-005
3.400000000000001e-001	7.785807e-005
3.500000000000001e-001	7.816042e-005
3.600000000000002e-001	7.843112e-005
3.700000000000002e-001	7.867502e-005
3.800000000000002e-001	7.889622e-005
3.900000000000002e-001	7.909811e-005
4.000000000000002e-001	7.928353e-005
4.100000000000002e-001	7.945481e-005
4.200000000000002e-001	7.961393e-005
4.300000000000002e-001	7.976252e-005
4.400000000000002e-001	7.990196e-005
4.500000000000002e-001	8.003342e-005
4.600000000000002e-001	8.015787e-005
4.700000000000003e-001	8.027614e-005
4.800000000000003e-001	8.038894e-005
4.900000000000003e-001	8.049689e-005
5.000000000000002e-001	8.060050e-005
5.100000000000002e-001	8.070022e-005
5.200000000000002e-001	8.079645e-005
5.300000000000003e-001	8.088953e-005
5.400000000000003e-001	8.097976e-005
5.500000000000003e-001	8.106740e-005
5.600000000000003e-001	8.115267e-005
5.700000000000003e-001	8.123579e-005
5.800000000000003e-001	8.131693e-005
5.900000000000003e-001	8.139626e-005
6.000000000000003e-001	8.147392e-005
6.100000000000003e-001	8.155002e-005
6.200000000000003e-001	8.162471e-005
6.300000000000003e-001	8.169807e-005
6.400000000000004e-001	8.177019e-005
6.500000000000004e-001	8.184116e-005
6.600000000000004e-001	8.191107e-005
6.700000000000004e-001	8.197998e-005
6.800000000000004e-001	8.204794e-005
6.900000000000004e-001	8.211502e-005
7.000000000000004e-001	8.218128e-005
7.100000000000004e-001	8.224675e-005
7.200000000000004e-001	8.231149e-005
7.300000000000004e-001	8.237553e-005
7.400000000000004e-001	8.243891e-005
7.500000000000004e-001	8.250168e-005
7.600000000000005e-001	8.256385e-005
7.700000000000005e-001	8.262545e-005
7.800000000000005e-001	8.268653e-005
7.900000000000005e-001	8.274709e-005
8.000000000000005e-001	8.280717e-005
8.100000000000005e-001	8.286679e-005
8.200000000000005e-001	8.292596e-005
8.300000000000005e-001	8.298470e-005
8.400000000000005e-001	8.304305e-005
8.500000000000005e-001	8.310100e-005
8.600000000000005e-001	8.315858e-005
8.700000000000006e-001	8.321580e-005
8.800000000000006e-001	8.327267e-005
8.900000000000006e-001	8.332921e-005
9.000000000000006e-001	8.338544e-005
9.100000000000006e-001	8.344135e-005
9.200000000000006e-001	8.349696e-005
9.300000000000006e-001	8.355229e-005
9.400000000000006e-001	8.360733e-005
9.500000000000006e-001	8.366211e-005
9.600000000000006e-001	8.371662e-005
9.700000000000006e-001	8.377089e-005
9.800000000000007e-001	8.382490e-005
9.900000000000007e-001	8.387868e-005
1.000000000000001e+000	8.393222e-005
1.010000000000001e+000	8.398555e-005
1.020000000000001e+000	8.403866e-005
1.030000000000001e+000	8.409155e-005
1.040000000000001e+000	8.414423e-005
1.050000000000001e+000	8.419671e-005
1.060000000000001e+000	8.424900e-005
1.070000000000001e+000	8.430109e-005
1.080000000000001e+000	8.435300e-005
1.090000000000001e+000	8.440472e-005
1.100000000000000e+000	8.445627e-005
Step Information: X=700m  (Run: 15/21)
0.000000000000000e+000	-7.670376e-010
1.000000000000000e-002	5.263440e-006
2.000000000000000e-002	1.035432e-005
3.000000000000000e-002	1.527350e-005
4.000000000000000e-002	2.002264e-005
5.000000000000000e-002	2.460341e-005
6.000000000000001e-002	2.901746e-005
7.000000000000001e-002	3.326640e-005
8.000000000000000e-002	3.735184e-005
9.000000000000000e-002	4.127531e-005
9.999999999999999e-002	4.503831e-005
1.100000000000000e-001	4.864228e-005
1.200000000000000e-001	5.208860e-005
1.300000000000000e-001	5.537855e-005
1.400000000000000e-001	5.851339e-005
1.500000000000000e-001	6.149427e-005
1.600000000000000e-001	6.432227e-005
1.700000000000000e-001	6.699841e-005
1.800000000000000e-001	6.952364e-005
1.900000000000000e-001	7.189889e-005
2.000000000000000e-001	7.412509e-005
2.100000000000001e-001	7.620327e-005
2.200000000000001e-001	7.813460e-005
2.300000000000001e-001	7.992056e-005
2.400000000000001e-001	8.156309e-005
2.500000000000001e-001	8.306486e-005
2.600000000000001e-001	8.442939e-005
2.700000000000001e-001	8.566140e-005
2.800000000000001e-001	8.676686e-005
2.900000000000001e-001	8.775310e-005
3.000000000000001e-001	8.862869e-005
3.100000000000001e-001	8.940315e-005
3.200000000000001e-001	9.008661e-005
3.300000000000001e-001	9.068931e-005
3.400000000000001e-001	9.122123e-005
3.500000000000001e-001	9.169171e-005
3.600000000000002e-001	9.210930e-005
3.700000000000002e-001	9.248155e-005
3.800000000000002e-001	9.281506e-005
3.900000000000002e-001	9.311551e-005
4.000000000000002e-001	9.338773e-005
4.100000000000002e-001	9.363580e-005
4.200000000000002e-001	9.386316e-005
4.300000000000002e-001	9.407270e-005
4.400000000000002e-001	9.426685e-005
4.500000000000002e-001	9.444766e-005
4.600000000000002e-001	9.461685e-005
4.700000000000003e-001	9.477588e-005
4.800000000000003e-001	9.492601e-005
4.900000000000003e-001	9.506826e-005
5.000000000000002e-001	9.520356e-005
5.100000000000002e-001	9.533267e-005
5.200000000000002e-001	9.545626e-005
5.300000000000003e-001	9.557491e-005
5.400000000000003e-001	9.568912e-005
5.500000000000003e-001	9.579932e-005
5.600000000000003e-001	9.590589e-005
5.700000000000003e-001	9.600918e-005
5.800000000000003e-001	9.610946e-005
5.900000000000003e-001	9.620702e-005
6.000000000000003e-001	9.630206e-005
6.100000000000003e-001	9.639482e-005
6.200000000000003e-001	9.648545e-005
6.300000000000003e-001	9.657413e-005
6.400000000000004e-001	9.666100e-005
6.500000000000004e-001	9.674620e-005
6.600000000000004e-001	9.682985e-005
6.700000000000004e-001	9.691204e-005
6.800000000000004e-001	9.699290e-005
6.900000000000004e-001	9.707248e-005
7.000000000000004e-001	9.715089e-005
7.100000000000004e-001	9.722818e-005
7.200000000000004e-001	9.730444e-005
7.300000000000004e-001	9.737971e-005
7.400000000000004e-001	9.745406e-005
7.500000000000004e-001	9.752754e-005
7.600000000000005e-001	9.760020e-005
7.700000000000005e-001	9.767207e-005
7.800000000000005e-001	9.774321e-005
7.900000000000005e-001	9.781363e-005
8.000000000000005e-001	9.788340e-005
8.100000000000005e-001	9.795252e-005
8.200000000000005e-001	9.802105e-005
8.300000000000005e-001	9.808899e-005
8.400000000000005e-001	9.815638e-005
8.500000000000005e-001	9.822324e-005
8.600000000000005e-001	9.828959e-005
8.700000000000006e-001	9.835546e-005
8.800000000000006e-001	9.842087e-005
8.900000000000006e-001	9.848583e-005
9.000000000000006e-001	9.855036e-005
9.100000000000006e-001	9.861447e-005
9.200000000000006e-001	9.867819e-005
9.300000000000006e-001	9.874152e-005
9.400000000000006e-001	9.880448e-005
9.500000000000006e-001	9.886709e-005
9.600000000000006e-001	9.892935e-005
9.700000000000006e-001	9.899127e-005
9.800000000000007e-001	9.905288e-005
9.900000000000007e-001	9.911416e-005
1.000000000000001e+000	9.917515e-005
1.010000000000001e+000	9.923584e-005
1.020000000000001e+000	9.929625e-005
1.030000000000001e+000	9.935637e-005
1.040000000000001e+000	9.941623e-005
1.050000000000001e+000	9.947582e-005
1.060000000000001e+000	9.953516e-005
1.070000000000001e+000	9.959425e-005
1.080000000000001e+000	9.965310e-005
1.090000000000001e+000	9.971171e-005
1.100000000000000e+000	9.977009e-005
Step Information: X=750m  (Run: 16/21)
0.000000000000000e+000	-1.105569e-009
1.000000000000000e-002	5.605229e-006
2.000000000000000e-002	1.104348e-005
3.000000000000000e-002	1.631514e-005
4.000000000000000e-002	2.142170e-005
5.000000000000000e-002	2.636467e-005
6.000000000000001e-002	3.114555e-005
7.000000000000001e-002	3.576581e-005
8.000000000000000e-002	4.022688e-005
9.000000000000000e-002	4.453018e-005
9.999999999999999e-002	4.867707e-005
1.100000000000000e-001	5.266885e-005
1.200000000000000e-001	5.650679e-005
1.300000000000000e-001	6.019209e-005
1.400000000000000e-001	6.372588e-005
1.500000000000000e-001	6.710921e-005
1.600000000000000e-001	7.034307e-005
1.700000000000000e-001	7.342837e-005
1.800000000000000e-001	7.636591e-005
1.900000000000000e-001	7.915645e-005
2.000000000000000e-001	8.180067e-005
2.100000000000001e-001	8.429916e-005
2.200000000000001e-001	8.665253e-005
2.300000000000001e-001	8.886141e-005
2.400000000000001e-001	9.092651e-005
2.500000000000001e-001	9.284877e-005
2.600000000000001e-001	9.462949e-005
2.700000000000001e-001	9.627049e-005
2.800000000000001e-001	9.777432e-005
2.900000000000001e-001	9.914452e-005
3.000000000000001e-001	1.003858e-004
3.100000000000001e-001	1.015039e-004
3.200000000000001e-001	1.025063e-004
3.300000000000001e-001	1.034011e-004
3.400000000000001e-001	1.041974e-004
3.500000000000001e-001	1.049050e-004
3.600000000000002e-001	1.055334e-004
3.700000000000002e-001	1.060920e-004
3.800000000000002e-001	1.065898e-004
3.900000000000002e-001	1.070347e-004
4.000000000000002e-001	1.074340e-004
4.100000000000002e-001	1.077939e-004
4.200000000000002e-001	1.081200e-004
4.300000000000002e-001	1.084170e-004
4.400000000000002e-001	1.086888e-004
4.500000000000002e-001	1.089390e-004
4.600000000000002e-001	1.091704e-004
4.700000000000003e-001	1.093854e-004
4.800000000000003e-001	1.095861e-004
4.900000000000003e-001	1.097744e-004
5.000000000000002e-001	1.099517e-004
5.100000000000002e-001	1.101194e-004
5.200000000000002e-001	1.102784e-004
5.300000000000003e-001	1.104298e-004
5.400000000000003e-001	1.105744e-004
5.500000000000003e-001	1.107130e-004
5.600000000000003e-001	1.108460e-004
5.700000000000003e-001	1.109741e-004
5.800000000000003e-001	1.110978e-004
5.900000000000003e-001	1.112174e-004
6.000000000000003e-001	1.113333e-004
6.100000000000003e-001	1.114459e-004
6.200000000000003e-001	1.115553e-004
6.300000000000003e-001	1.116620e-004
6.400000000000004e-001	1.117660e-004
6.500000000000004e-001	1.118677e-004
6.600000000000004e-001	1.119671e-004
6.700000000000004e-001	1.120645e-004
6.800000000000004e-001	1.121600e-004
6.900000000000004e-001	1.122537e-004
7.000000000000004e-001	1.123458e-004
7.100000000000004e-001	1.124363e-004
7.200000000000004e-001	1.125254e-004
7.300000000000004e-001	1.126131e-004
7.400000000000004e-001	1.126996e-004
7.500000000000004e-001	1.127848e-004
7.600000000000005e-001	1.128690e-004
7.700000000000005e-001	1.129520e-004
7.800000000000005e-001	1.130341e-004
7.900000000000005e-001	1.131152e-004
8.000000000000005e-001	1.131954e-004
8.100000000000005e-001	1.132748e-004
8.200000000000005e-001	1.133534e-004
8.300000000000005e-001	1.134311e-004
8.400000000000005e-001	1.135082e-004
8.500000000000005e-001	1.135845e-004
8.600000000000005e-001	1.136602e-004
8.700000000000006e-001	1.137352e-004
8.800000000000006e-001	1.138097e-004
8.900000000000006e-001	1.138835e-004
9.000000000000006e-001	1.139568e-004
9.100000000000006e-001	1.140295e-004
9.200000000000006e-001	1.141017e-004
9.300000000000006e-001	1.141734e-004
9.400000000000006e-001	1.142447e-004
9.500000000000006e-001	1.143155e-004
9.600000000000006e-001	1.143858e-004
9.700000000000006e-001	1.144557e-004
9.800000000000007e-001	1.145252e-004
9.900000000000007e-001	1.145942e-004
1.000000000000001e+000	1.146629e-004
1.010000000000001e+000	1.147312e-004
1.020000000000001e+000	1.147992e-004
1.030000000000001e+000	1.148668e-004
1.040000000000001e+000	1.149340e-004
1.050000000000001e+000	1.150009e-004
1.060000000000001e+000	1.150675e-004
1.070000000000001e+000	1.151338e-004
1.080000000000001e+000	1.151998e-004
1.090000000000001e+000	1.152655e-004
1.100000000000000e+000	1.153308e-004
Step Information: X=800m  (Run: 17/21)
0.000000000000000e+000	-1.565343e-009
1.000000000000000e-002	5.908862e-006
2.000000000000000e-002	1.165658e-005
3.000000000000000e-002	1.724294e-005
4.000000000000000e-002	2.266932e-005
5.000000000000000e-002	2.793707e-005
6.000000000000001e-002	3.304756e-005
7.000000000000001e-002	3.800213e-005
8.000000000000000e-002	4.280209e-005
9.000000000000000e-002	4.744873e-005
9.999999999999999e-002	5.194329e-005
1.100000000000000e-001	5.628698e-005
1.200000000000000e-001	6.048096e-005
1.300000000000000e-001	6.452634e-005
1.400000000000000e-001	6.842418e-005
1.500000000000000e-001	7.217547e-005
1.600000000000000e-001	7.578113e-005
1.700000000000000e-001	7.924201e-005
1.800000000000000e-001	8.255889e-005
1.900000000000000e-001	8.573243e-005
2.000000000000000e-001	8.876327e-005
2.100000000000001e-001	9.165190e-005
2.200000000000001e-001	9.439876e-005
2.300000000000001e-001	9.700422e-005
2.400000000000001e-001	9.946859e-005
2.500000000000001e-001	1.017922e-004
2.600000000000001e-001	1.039754e-004
2.700000000000001e-001	1.060187e-004
2.800000000000001e-001	1.079229e-004
2.900000000000001e-001	1.096891e-004
3.000000000000001e-001	1.113192e-004
3.100000000000001e-001	1.128158e-004
3.200000000000001e-001	1.141824e-004
3.300000000000001e-001	1.154237e-004
3.400000000000001e-001	1.165457e-004
3.500000000000001e-001	1.175556e-004
3.600000000000002e-001	1.184612e-004
3.700000000000002e-001	1.192716e-004
3.800000000000002e-001	1.199958e-004
3.900000000000002e-001	1.206430e-004
4.000000000000002e-001	1.212220e-004
4.100000000000002e-001	1.217412e-004
4.200000000000002e-001	1.222082e-004
4.300000000000002e-001	1.226297e-004
4.400000000000002e-001	1.230119e-004
4.500000000000002e-001	1.233599e-004
4.600000000000002e-001	1.236784e-004
4.700000000000003e-001	1.239711e-004
4.800000000000003e-001	1.242415e-004
4.900000000000003e-001	1.244924e-004
5.000000000000002e-001	1.247264e-004
5.100000000000002e-001	1.249453e-004
5.200000000000002e-001	1.251512e-004
5.300000000000003e-001	1.253454e-004
5.400000000000003e-001	1.255293e-004
5.500000000000003e-001	1.257040e-004
5.600000000000003e-001	1.258706e-004
5.700000000000003e-001	1.260298e-004
5.800000000000003e-001	1.261825e-004
5.900000000000003e-001	1.263293e-004
6.000000000000003e-001	1.264706e-004
6.100000000000003e-001	1.266071e-004
6.200000000000003e-001	1.267392e-004
6.300000000000003e-001	1.268673e-004
6.400000000000004e-001	1.269916e-004
6.500000000000004e-001	1.271126e-004
6.600000000000004e-001	1.272305e-004
6.700000000000004e-001	1.273455e-004
6.800000000000004e-001	1.274578e-004
6.900000000000004e-001	1.275677e-004
7.000000000000004e-001	1.276753e-004
7.100000000000004e-001	1.277808e-004
7.200000000000004e-001	1.278843e-004
7.300000000000004e-001	1.279859e-004
7.400000000000004e-001	1.280859e-004
7.500000000000004e-001	1.281842e-004
7.600000000000005e-001	1.282810e-004
7.700000000000005e-001	1.283764e-004
7.800000000000005e-001	1.284705e-004
7.900000000000005e-001	1.285633e-004
8.000000000000005e-001	1.286549e-004
8.100000000000005e-001	1.287454e-004
8.200000000000005e-001	1.288348e-004
8.300000000000005e-001	1.289232e-004
8.400000000000005e-001	1.290106e-004
8.500000000000005e-001	1.290971e-004
8.600000000000005e-001	1.291828e-004
8.700000000000006e-001	1.292676e-004
8.800000000000006e-001	1.293516e-004
8.900000000000006e-001	1.294348e-004
9.000000000000006e-001	1.295174e-004
9.100000000000006e-001	1.295992e-004
9.200000000000006e-001	1.296804e-004
9.300000000000006e-001	1.297610e-004
9.400000000000006e-001	1.298409e-004
9.500000000000006e-001	1.299202e-004
9.600000000000006e-001	1.299990e-004
9.700000000000006e-001	1.300772e-004
9.800000000000007e-001	1.301549e-004
9.900000000000007e-001	1.302321e-004
1.000000000000001e+000	1.303088e-004
1.010000000000001e+000	1.303850e-004
1.020000000000001e+000	1.304608e-004
1.030000000000001e+000	1.305361e-004
1.040000000000001e+000	1.306110e-004
1.050000000000001e+000	1.306855e-004
1.060000000000001e+000	1.307596e-004
1.070000000000001e+000	1.308332e-004
1.080000000000001e+000	1.309066e-004
1.090000000000001e+000	1.309795e-004
1.100000000000000e+000	1.310521e-004
Step Information: X=850m  (Run: 18/21)
0.000000000000000e+000	-2.183584e-009
1.000000000000000e-002	6.179328e-006
2.000000000000000e-002	1.220349e-005
3.000000000000000e-002	1.807154e-005
4.000000000000000e-002	2.378472e-005
5.000000000000000e-002	2.934429e-005
6.000000000000001e-002	3.475149e-005
7.000000000000001e-002	4.000753e-005
8.000000000000000e-002	4.511361e-005
9.000000000000000e-002	5.007093e-005
9.999999999999999e-002	5.488062e-005
1.100000000000000e-001	5.954379e-005
1.200000000000000e-001	6.406153e-005
1.300000000000000e-001	6.843486e-005
1.400000000000000e-001	7.266478e-005
1.500000000000000e-001	7.675221e-005
1.600000000000000e-001	8.069805e-005
1.700000000000000e-001	8.450307e-005
1.800000000000000e-001	8.816807e-005
1.900000000000000e-001	9.169368e-005
2.000000000000000e-001	9.508051e-005
2.100000000000001e-001	9.832907e-005
2.200000000000001e-001	1.014398e-004
2.300000000000001e-001	1.044129e-004
2.400000000000001e-001	1.072488e-004
2.500000000000001e-001	1.099475e-004
2.600000000000001e-001	1.125092e-004
2.700000000000001e-001	1.149339e-004
2.800000000000001e-001	1.172218e-004
2.900000000000001e-001	1.193729e-004
3.000000000000001e-001	1.213876e-004
3.100000000000001e-001	1.232667e-004
3.200000000000001e-001	1.250114e-004
3.300000000000001e-001	1.266233e-004
3.400000000000001e-001	1.281053e-004
3.500000000000001e-001	1.294611e-004
3.600000000000002e-001	1.306955e-004
3.700000000000002e-001	1.318144e-004
3.800000000000002e-001	1.328250e-004
3.900000000000002e-001	1.337352e-004
4.000000000000002e-001	1.345534e-004
4.100000000000002e-001	1.352883e-004
4.200000000000002e-001	1.359487e-004
4.300000000000002e-001	1.365429e-004
4.400000000000002e-001	1.370787e-004
4.500000000000002e-001	1.375632e-004
4.600000000000002e-001	1.380030e-004
4.700000000000003e-001	1.384037e-004
4.800000000000003e-001	1.387704e-004
4.900000000000003e-001	1.391073e-004
5.000000000000002e-001	1.394183e-004
5.100000000000002e-001	1.397066e-004
5.200000000000002e-001	1.399750e-004
5.300000000000003e-001	1.402259e-004
5.400000000000003e-001	1.404614e-004
5.500000000000003e-001	1.406833e-004
5.600000000000003e-001	1.408930e-004
5.700000000000003e-001	1.410920e-004
5.800000000000003e-001	1.412813e-004
5.900000000000003e-001	1.414621e-004
6.000000000000003e-001	1.416350e-004
6.100000000000003e-001	1.418010e-004
6.200000000000003e-001	1.419607e-004
6.300000000000003e-001	1.421147e-004
6.400000000000004e-001	1.422634e-004
6.500000000000004e-001	1.424074e-004
6.600000000000004e-001	1.425470e-004
6.700000000000004e-001	1.426827e-004
6.800000000000004e-001	1.428147e-004
6.900000000000004e-001	1.429433e-004
7.000000000000004e-001	1.430689e-004
7.100000000000004e-001	1.431915e-004
7.200000000000004e-001	1.433115e-004
7.300000000000004e-001	1.434289e-004
7.400000000000004e-001	1.435441e-004
7.500000000000004e-001	1.436571e-004
7.600000000000005e-001	1.437681e-004
7.700000000000005e-001	1.438772e-004
7.800000000000005e-001	1.439846e-004
7.900000000000005e-001	1.440902e-004
8.000000000000005e-001	1.441943e-004
8.100000000000005e-001	1.442970e-004
8.200000000000005e-001	1.443982e-004
8.300000000000005e-001	1.444981e-004
8.400000000000005e-001	1.445968e-004
8.500000000000005e-001	1.446943e-004
8.600000000000005e-001	1.447907e-004
8.700000000000006e-001	1.448860e-004
8.800000000000006e-001	1.449803e-004
8.900000000000006e-001	1.450736e-004
9.000000000000006e-001	1.451660e-004
9.100000000000006e-001	1.452575e-004
9.200000000000006e-001	1.453482e-004
9.300000000000006e-001	1.454381e-004
9.400000000000006e-001	1.455272e-004
9.500000000000006e-001	1.456155e-004
9.600000000000006e-001	1.457032e-004
9.700000000000006e-001	1.457901e-004
9.800000000000007e-001	1.458765e-004
9.900000000000007e-001	1.459621e-004
1.000000000000001e+000	1.460472e-004
1.010000000000001e+000	1.461317e-004
1.020000000000001e+000	1.462156e-004
1.030000000000001e+000	1.462990e-004
1.040000000000001e+000	1.463818e-004
1.050000000000001e+000	1.464641e-004
1.060000000000001e+000	1.465459e-004
1.070000000000001e+000	1.466273e-004
1.080000000000001e+000	1.467082e-004
1.090000000000001e+000	1.467886e-004
1.100000000000000e+000	1.468686e-004
Step Information: X=900m  (Run: 19/21)
0.000000000000000e+000	-3.007711e-009
1.000000000000000e-002	6.420812e-006
2.000000000000000e-002	1.269254e-005
3.000000000000000e-002	1.881332e-005
4.000000000000000e-002	2.478429e-005
5.000000000000000e-002	3.060658e-005
6.000000000000001e-002	3.628135e-005
7.000000000000001e-002	4.180970e-005
8.000000000000000e-002	4.719274e-005
9.000000000000000e-002	5.243156e-005
9.999999999999999e-002	5.752721e-005
1.100000000000000e-001	6.248071e-005
1.200000000000000e-001	6.729308e-005
1.300000000000000e-001	7.196527e-005
1.400000000000000e-001	7.649820e-005
1.500000000000000e-001	8.089277e-005
1.600000000000000e-001	8.514979e-005
1.700000000000000e-001	8.927006e-005
1.800000000000000e-001	9.325429e-005
1.900000000000000e-001	9.710315e-005
2.000000000000000e-001	1.008172e-004
2.100000000000001e-001	1.043971e-004
2.200000000000001e-001	1.078431e-004
2.300000000000001e-001	1.111557e-004
2.400000000000001e-001	1.143350e-004
2.500000000000001e-001	1.173814e-004
2.600000000000001e-001	1.202947e-004
2.700000000000001e-001	1.230752e-004
2.800000000000001e-001	1.257225e-004
2.900000000000001e-001	1.282367e-004
3.000000000000001e-001	1.306175e-004
3.100000000000001e-001	1.328650e-004
3.200000000000001e-001	1.349790e-004
3.300000000000001e-001	1.369600e-004
3.400000000000001e-001	1.388085e-004
3.500000000000001e-001	1.405259e-004
3.600000000000002e-001	1.421141e-004
3.700000000000002e-001	1.435760e-004
3.800000000000002e-001	1.449154e-004
3.900000000000002e-001	1.461374e-004
4.000000000000002e-001	1.472480e-004
4.100000000000002e-001	1.482543e-004
4.200000000000002e-001	1.491639e-004
4.300000000000002e-001	1.499850e-004
4.400000000000002e-001	1.507260e-004
4.500000000000002e-001	1.513951e-004
4.600000000000002e-001	1.520002e-004
4.700000000000003e-001	1.525486e-004
4.800000000000003e-001	1.530471e-004
4.900000000000003e-001	1.535017e-004
5.000000000000002e-001	1.539179e-004
5.100000000000002e-001	1.543003e-004
5.200000000000002e-001	1.546531e-004
5.300000000000003e-001	1.549800e-004
5.400000000000003e-001	1.552840e-004
5.500000000000003e-001	1.555680e-004
5.600000000000003e-001	1.558341e-004
5.700000000000003e-001	1.560846e-004
5.800000000000003e-001	1.563210e-004
5.900000000000003e-001	1.565450e-004
6.000000000000003e-001	1.567578e-004
6.100000000000003e-001	1.569607e-004
6.200000000000003e-001	1.571546e-004
6.300000000000003e-001	1.573404e-004
6.400000000000004e-001	1.575189e-004
6.500000000000004e-001	1.576908e-004
6.600000000000004e-001	1.578566e-004
6.700000000000004e-001	1.580169e-004
6.800000000000004e-001	1.581722e-004
6.900000000000004e-001	1.583229e-004
7.000000000000004e-001	1.584694e-004
7.100000000000004e-001	1.586119e-004
7.200000000000004e-001	1.587509e-004
7.300000000000004e-001	1.588865e-004
7.400000000000004e-001	1.590191e-004
7.500000000000004e-001	1.591488e-004
7.600000000000005e-001	1.592757e-004
7.700000000000005e-001	1.594003e-004
7.800000000000005e-001	1.595225e-004
7.900000000000005e-001	1.596425e-004
8.000000000000005e-001	1.597604e-004
8.100000000000005e-001	1.598765e-004
8.200000000000005e-001	1.599908e-004
8.300000000000005e-001	1.601033e-004
8.400000000000005e-001	1.602143e-004
8.500000000000005e-001	1.603237e-004
8.600000000000005e-001	1.604317e-004
8.700000000000006e-001	1.605384e-004
8.800000000000006e-001	1.606437e-004
8.900000000000006e-001	1.607479e-004
9.000000000000006e-001	1.608509e-004
9.100000000000006e-001	1.609527e-004
9.200000000000006e-001	1.610536e-004
9.300000000000006e-001	1.611534e-004
9.400000000000006e-001	1.612522e-004
9.500000000000006e-001	1.613501e-004
9.600000000000006e-001	1.614472e-004
9.700000000000006e-001	1.615433e-004
9.800000000000007e-001	1.616387e-004
9.900000000000007e-001	1.617333e-004
1.000000000000001e+000	1.618272e-004
1.010000000000001e+000	1.619203e-004
1.020000000000001e+000	1.620127e-004
1.030000000000001e+000	1.621045e-004
1.040000000000001e+000	1.621956e-004
1.050000000000001e+000	1.622861e-004
1.060000000000001e+000	1.623760e-004
1.070000000000001e+000	1.624653e-004
1.080000000000001e+000	1.625540e-004
1.090000000000001e+000	1.626422e-004
1.100000000000000e+000	1.627298e-004
Step Information: X=950m  (Run: 20/21)
0.000000000000000e+000	-4.097883e-009
1.000000000000000e-002	6.636827e-006
2.000000000000000e-002	1.313078e-005
3.000000000000000e-002	1.947879e-005
4.000000000000000e-002	2.568193e-005
5.000000000000000e-002	3.174122e-005
6.000000000000001e-002	3.765772e-005
7.000000000000001e-002	4.343246e-005
8.000000000000000e-002	4.906646e-005
9.000000000000000e-002	5.456070e-005
9.999999999999999e-002	5.991618e-005
1.100000000000000e-001	6.513383e-005
1.200000000000000e-001	7.021460e-005
1.300000000000000e-001	7.515937e-005
1.400000000000000e-001	7.996902e-005
1.500000000000000e-001	8.464437e-005
1.600000000000000e-001	8.918621e-005
1.700000000000000e-001	9.359531e-005
1.800000000000000e-001	9.787235e-005
1.900000000000000e-001	1.020180e-004
2.000000000000000e-001	1.060328e-004
2.100000000000001e-001	1.099174e-004
2.200000000000001e-001	1.136722e-004
2.300000000000001e-001	1.172975e-004
2.400000000000001e-001	1.207937e-004
2.500000000000001e-001	1.241611e-004
2.600000000000001e-001	1.273997e-004
2.700000000000001e-001	1.305096e-004
2.800000000000001e-001	1.334907e-004
2.900000000000001e-001	1.363428e-004
3.000000000000001e-001	1.390659e-004
3.100000000000001e-001	1.416594e-004
3.200000000000001e-001	1.441232e-004
3.300000000000001e-001	1.464570e-004
3.400000000000001e-001	1.486604e-004
3.500000000000001e-001	1.507335e-004
3.600000000000002e-001	1.526765e-004
3.700000000000002e-001	1.544903e-004
3.800000000000002e-001	1.561762e-004
3.900000000000002e-001	1.577364e-004
4.000000000000002e-001	1.591738e-004
4.100000000000002e-001	1.604928e-004
4.200000000000002e-001	1.616983e-004
4.300000000000002e-001	1.627966e-004
4.400000000000002e-001	1.637945e-004
4.500000000000002e-001	1.646997e-004
4.600000000000002e-001	1.655201e-004
4.700000000000003e-001	1.662635e-004
4.800000000000003e-001	1.669378e-004
4.900000000000003e-001	1.675504e-004
5.000000000000002e-001	1.681081e-004
5.100000000000002e-001	1.686175e-004
5.200000000000002e-001	1.690840e-004
5.300000000000003e-001	1.695129e-004
5.400000000000003e-001	1.699086e-004
5.500000000000003e-001	1.702751e-004
5.600000000000003e-001	1.706157e-004
5.700000000000003e-001	1.709336e-004
5.800000000000003e-001	1.712314e-004
5.900000000000003e-001	1.715112e-004
6.000000000000003e-001	1.717751e-004
6.100000000000003e-001	1.720248e-004
6.200000000000003e-001	1.722618e-004
6.300000000000003e-001	1.724874e-004
6.400000000000004e-001	1.727028e-004
6.500000000000004e-001	1.729089e-004
6.600000000000004e-001	1.731067e-004
6.700000000000004e-001	1.732969e-004
6.800000000000004e-001	1.734802e-004
6.900000000000004e-001	1.736572e-004
7.000000000000004e-001	1.738285e-004
7.100000000000004e-001	1.739945e-004
7.200000000000004e-001	1.741557e-004
7.300000000000004e-001	1.743124e-004
7.400000000000004e-001	1.744651e-004
7.500000000000004e-001	1.746139e-004
7.600000000000005e-001	1.747592e-004
7.700000000000005e-001	1.749012e-004
7.800000000000005e-001	1.750402e-004
7.900000000000005e-001	1.751764e-004
8.000000000000005e-001	1.753099e-004
8.100000000000005e-001	1.754409e-004
8.200000000000005e-001	1.755697e-004
8.300000000000005e-001	1.756962e-004
8.400000000000005e-001	1.758207e-004
8.500000000000005e-001	1.759433e-004
8.600000000000005e-001	1.760640e-004
8.700000000000006e-001	1.761830e-004
8.800000000000006e-001	1.763004e-004
8.900000000000006e-001	1.764163e-004
9.000000000000006e-001	1.765307e-004
9.100000000000006e-001	1.766437e-004
9.200000000000006e-001	1.767554e-004
9.300000000000006e-001	1.768658e-004
9.400000000000006e-001	1.769751e-004
9.500000000000006e-001	1.770832e-004
9.600000000000006e-001	1.771902e-004
9.700000000000006e-001	1.772962e-004
9.800000000000007e-001	1.774012e-004
9.900000000000007e-001	1.775052e-004
1.000000000000001e+000	1.776083e-004
1.010000000000001e+000	1.777105e-004
1.020000000000001e+000	1.778119e-004
1.030000000000001e+000	1.779124e-004
1.040000000000001e+000	1.780122e-004
1.050000000000001e+000	1.781112e-004
1.060000000000001e+000	1.782095e-004
1.070000000000001e+000	1.783071e-004
1.080000000000001e+000	1.784040e-004
1.090000000000001e+000	1.785003e-004
1.100000000000000e+000	1.785959e-004
Step Information: X=1  (Run: 21/21)
0.000000000000000e+000	-5.530127e-009
1.000000000000000e-002	6.830329e-006
2.000000000000000e-002	1.352415e-005
3.000000000000000e-002	2.007689e-005
4.000000000000000e-002	2.648951e-005
5.000000000000000e-002	3.276298e-005
6.000000000000001e-002	3.889825e-005
7.000000000000001e-002	4.489629e-005
8.000000000000000e-002	5.075802e-005
9.000000000000000e-002	5.648437e-005
9.999999999999999e-002	6.207624e-005
1.100000000000000e-001	6.753452e-005
1.200000000000000e-001	7.286007e-005
1.300000000000000e-001	7.805373e-005
1.400000000000000e-001	8.311631e-005
1.500000000000000e-001	8.804860e-005
1.600000000000000e-001	9.285133e-005
1.700000000000000e-001	9.752524e-005
1.800000000000000e-001	1.020710e-004
1.900000000000000e-001	1.064892e-004
2.000000000000000e-001	1.107805e-004
2.100000000000001e-001	1.149455e-004
2.200000000000001e-001	1.189845e-004
2.300000000000001e-001	1.228980e-004
2.400000000000001e-001	1.266864e-004
2.500000000000001e-001	1.303499e-004
2.600000000000001e-001	1.338888e-004
2.700000000000001e-001	1.373031e-004
2.800000000000001e-001	1.405929e-004
2.900000000000001e-001	1.437581e-004
3.000000000000001e-001	1.467986e-004
3.100000000000001e-001	1.497140e-004
3.200000000000001e-001	1.525041e-004
3.300000000000001e-001	1.551683e-004
3.400000000000001e-001	1.577063e-004
3.500000000000001e-001	1.601175e-004
3.600000000000002e-001	1.624016e-004
3.700000000000002e-001	1.645582e-004
3.800000000000002e-001	1.665873e-004
3.900000000000002e-001	1.684894e-004
4.000000000000002e-001	1.702651e-004
4.100000000000002e-001	1.719163e-004
4.200000000000002e-001	1.734451e-004
4.300000000000002e-001	1.748551e-004
4.400000000000002e-001	1.761504e-004
4.500000000000002e-001	1.773365e-004
4.600000000000002e-001	1.784194e-004
4.700000000000003e-001	1.794062e-004
4.800000000000003e-001	1.803041e-004
4.900000000000003e-001	1.811207e-004
5.000000000000002e-001	1.818637e-004
5.100000000000002e-001	1.825403e-004
5.200000000000002e-001	1.831577e-004
5.300000000000003e-001	1.837222e-004
5.400000000000003e-001	1.842398e-004
5.500000000000003e-001	1.847159e-004
5.600000000000003e-001	1.851553e-004
5.700000000000003e-001	1.855622e-004
5.800000000000003e-001	1.859403e-004
5.900000000000003e-001	1.862929e-004
6.000000000000003e-001	1.866230e-004
6.100000000000003e-001	1.869329e-004
6.200000000000003e-001	1.872250e-004
6.300000000000003e-001	1.875010e-004
6.400000000000004e-001	1.877628e-004
6.500000000000004e-001	1.880117e-004
6.600000000000004e-001	1.882490e-004
6.700000000000004e-001	1.884760e-004
6.800000000000004e-001	1.886934e-004
6.900000000000004e-001	1.889024e-004
7.000000000000004e-001	1.891035e-004
7.100000000000004e-001	1.892975e-004
7.200000000000004e-001	1.894851e-004
7.300000000000004e-001	1.896667e-004
7.400000000000004e-001	1.898429e-004
7.500000000000004e-001	1.900140e-004
7.600000000000005e-001	1.901805e-004
7.700000000000005e-001	1.903427e-004
7.800000000000005e-001	1.905009e-004
7.900000000000005e-001	1.906555e-004
8.000000000000005e-001	1.908066e-004
8.100000000000005e-001	1.909545e-004
8.200000000000005e-001	1.910995e-004
8.300000000000005e-001	1.912417e-004
8.400000000000005e-001	1.913812e-004
8.500000000000005e-001	1.915183e-004
8.600000000000005e-001	1.916531e-004
8.700000000000006e-001	1.917857e-004
8.800000000000006e-001	1.919163e-004
8.900000000000006e-001	1.920450e-004
9.000000000000006e-001	1.921718e-004
9.100000000000006e-001	1.922969e-004
9.200000000000006e-001	1.924204e-004
9.300000000000006e-001	1.925423e-004
9.400000000000006e-001	1.926628e-004
9.500000000000006e-001	1.927818e-004
9.600000000000006e-001	1.928995e-004
9.700000000000006e-001	1.930159e-004
9.800000000000007e-001	1.931311e-004
9.900000000000007e-001	1.932451e-004
1.000000000000001e+000	1.933580e-004
1.010000000000001e+000	1.934699e-004
1.020000000000001e+000	1.935807e-004
1.030000000000001e+000	1.936905e-004
1.040000000000001e+000	1.937994e-004
1.050000000000001e+000	1.939074e-004
1.060000000000001e+000	1.940145e-004
1.070000000000001e+000	1.941207e-004
1.080000000000001e+000	1.942262e-004
1.090000000000001e+000	1.943308e-004
1.100000000000000e+000	1.944347e-004
