v1	Id(M1)
Step Information: X=0  (Run: 1/21)
0.000000000000000e+000	0.000000e+000
1.000000000000000e-002	1.186102e-009
2.000000000000000e-002	2.044683e-009
3.000000000000000e-002	2.632462e-009
4.000000000000000e-002	3.017784e-009
5.000000000000000e-002	3.267810e-009
6.000000000000001e-002	3.435303e-009
7.000000000000001e-002	3.554705e-009
8.000000000000000e-002	3.646148e-009
9.000000000000000e-002	3.720936e-009
9.999999999999999e-002	3.785448e-009
1.100000000000000e-001	3.843385e-009
1.200000000000000e-001	3.896981e-009
1.300000000000000e-001	3.947631e-009
1.400000000000000e-001	3.996242e-009
1.500000000000000e-001	4.043426e-009
1.600000000000000e-001	4.089602e-009
1.700000000000000e-001	4.135074e-009
1.800000000000000e-001	4.180059e-009
1.900000000000000e-001	4.224722e-009
2.000000000000000e-001	4.269186e-009
2.100000000000001e-001	4.313550e-009
2.200000000000001e-001	4.357887e-009
2.300000000000001e-001	4.402260e-009
2.400000000000001e-001	4.446717e-009
2.500000000000001e-001	4.491299e-009
2.600000000000001e-001	4.536040e-009
2.700000000000001e-001	4.580966e-009
2.800000000000001e-001	4.626104e-009
2.900000000000001e-001	4.671472e-009
3.000000000000001e-001	4.717088e-009
3.100000000000001e-001	4.762968e-009
3.200000000000001e-001	4.809125e-009
3.300000000000001e-001	4.855571e-009
3.400000000000001e-001	4.902315e-009
3.500000000000001e-001	4.949368e-009
3.600000000000002e-001	4.996739e-009
3.700000000000002e-001	5.044432e-009
3.800000000000002e-001	5.092457e-009
3.900000000000002e-001	5.140819e-009
4.000000000000002e-001	5.189523e-009
4.100000000000002e-001	5.238573e-009
4.200000000000002e-001	5.287975e-009
4.300000000000002e-001	5.337732e-009
4.400000000000002e-001	5.387849e-009
4.500000000000002e-001	5.438327e-009
4.600000000000002e-001	5.489170e-009
4.700000000000003e-001	5.540380e-009
4.800000000000003e-001	5.591959e-009
4.900000000000003e-001	5.643908e-009
5.000000000000002e-001	5.696231e-009
5.100000000000002e-001	5.748925e-009
5.200000000000002e-001	5.801994e-009
5.300000000000003e-001	5.855437e-009
5.400000000000003e-001	5.909254e-009
5.500000000000003e-001	5.963446e-009
5.600000000000003e-001	6.018010e-009
5.700000000000003e-001	6.072946e-009
5.800000000000003e-001	6.128253e-009
5.900000000000003e-001	6.183929e-009
6.000000000000003e-001	6.239971e-009
6.100000000000003e-001	6.296378e-009
6.200000000000003e-001	6.353145e-009
6.300000000000003e-001	6.410269e-009
6.400000000000004e-001	6.467747e-009
6.500000000000004e-001	6.525573e-009
6.600000000000004e-001	6.583743e-009
6.700000000000004e-001	6.642251e-009
6.800000000000004e-001	6.701091e-009
6.900000000000004e-001	6.760256e-009
7.000000000000004e-001	6.819739e-009
7.100000000000004e-001	6.879530e-009
7.200000000000004e-001	6.939623e-009
7.300000000000004e-001	7.000007e-009
7.400000000000004e-001	7.060672e-009
7.500000000000004e-001	7.121606e-009
7.600000000000005e-001	7.182798e-009
7.700000000000005e-001	7.244235e-009
7.800000000000005e-001	7.305903e-009
7.900000000000005e-001	7.367787e-009
8.000000000000005e-001	7.429870e-009
8.100000000000005e-001	7.492138e-009
8.200000000000005e-001	7.554569e-009
8.300000000000005e-001	7.617147e-009
8.400000000000005e-001	7.679849e-009
8.500000000000005e-001	7.742654e-009
8.600000000000005e-001	7.805538e-009
8.700000000000006e-001	7.868475e-009
8.800000000000006e-001	7.931440e-009
8.900000000000006e-001	7.994405e-009
9.000000000000006e-001	8.057340e-009
9.100000000000006e-001	8.120211e-009
9.200000000000006e-001	8.182986e-009
9.300000000000006e-001	8.245628e-009
9.400000000000006e-001	8.308101e-009
9.500000000000006e-001	8.370364e-009
9.600000000000006e-001	8.432373e-009
9.700000000000006e-001	8.494085e-009
9.800000000000007e-001	8.555450e-009
9.900000000000007e-001	8.616420e-009
1.000000000000001e+000	8.676940e-009
1.010000000000001e+000	8.736954e-009
1.020000000000001e+000	8.796404e-009
1.030000000000001e+000	8.855225e-009
1.040000000000001e+000	8.913352e-009
1.050000000000001e+000	8.970714e-009
1.060000000000001e+000	9.027239e-009
1.070000000000001e+000	9.082846e-009
1.080000000000001e+000	9.137455e-009
1.090000000000001e+000	9.190979e-009
1.100000000000000e+000	9.243325e-009
Step Information: X=50m  (Run: 2/21)
0.000000000000000e+000	2.534122e-014
1.000000000000000e-002	4.551189e-009
2.000000000000000e-002	7.848425e-009
3.000000000000000e-002	1.010788e-008
4.000000000000000e-002	1.159002e-008
5.000000000000000e-002	1.255147e-008
6.000000000000001e-002	1.319457e-008
7.000000000000001e-002	1.365185e-008
8.000000000000000e-002	1.400099e-008
9.000000000000000e-002	1.428566e-008
9.999999999999999e-002	1.453051e-008
1.100000000000000e-001	1.474988e-008
1.200000000000000e-001	1.495239e-008
1.300000000000000e-001	1.514345e-008
1.400000000000000e-001	1.532655e-008
1.500000000000000e-001	1.550407e-008
1.600000000000000e-001	1.567763e-008
1.700000000000000e-001	1.584839e-008
1.800000000000000e-001	1.601721e-008
1.900000000000000e-001	1.618472e-008
2.000000000000000e-001	1.635139e-008
2.100000000000001e-001	1.651760e-008
2.200000000000001e-001	1.668365e-008
2.300000000000001e-001	1.684977e-008
2.400000000000001e-001	1.701616e-008
2.500000000000001e-001	1.718296e-008
2.600000000000001e-001	1.735032e-008
2.700000000000001e-001	1.751834e-008
2.800000000000001e-001	1.768711e-008
2.900000000000001e-001	1.785672e-008
3.000000000000001e-001	1.802724e-008
3.100000000000001e-001	1.819873e-008
3.200000000000001e-001	1.837124e-008
3.300000000000001e-001	1.854482e-008
3.400000000000001e-001	1.871952e-008
3.500000000000001e-001	1.889537e-008
3.600000000000002e-001	1.907242e-008
3.700000000000002e-001	1.925069e-008
3.800000000000002e-001	1.943021e-008
3.900000000000002e-001	1.961101e-008
4.000000000000002e-001	1.979313e-008
4.100000000000002e-001	1.997658e-008
4.200000000000002e-001	2.016138e-008
4.300000000000002e-001	2.034756e-008
4.400000000000002e-001	2.053515e-008
4.500000000000002e-001	2.072415e-008
4.600000000000002e-001	2.091459e-008
4.700000000000003e-001	2.110648e-008
4.800000000000003e-001	2.129985e-008
4.900000000000003e-001	2.149471e-008
5.000000000000002e-001	2.169108e-008
5.100000000000002e-001	2.188897e-008
5.200000000000002e-001	2.208840e-008
5.300000000000003e-001	2.228937e-008
5.400000000000003e-001	2.249192e-008
5.500000000000003e-001	2.269604e-008
5.600000000000003e-001	2.290175e-008
5.700000000000003e-001	2.310907e-008
5.800000000000003e-001	2.331801e-008
5.900000000000003e-001	2.352858e-008
6.000000000000003e-001	2.374079e-008
6.100000000000003e-001	2.395464e-008
6.200000000000003e-001	2.417017e-008
6.300000000000003e-001	2.438737e-008
6.400000000000004e-001	2.460624e-008
6.500000000000004e-001	2.482682e-008
6.600000000000004e-001	2.504909e-008
6.700000000000004e-001	2.527308e-008
6.800000000000004e-001	2.549878e-008
6.900000000000004e-001	2.572621e-008
7.000000000000004e-001	2.595538e-008
7.100000000000004e-001	2.618629e-008
7.200000000000004e-001	2.641894e-008
7.300000000000004e-001	2.665335e-008
7.400000000000004e-001	2.688952e-008
7.500000000000004e-001	2.712745e-008
7.600000000000005e-001	2.736714e-008
7.700000000000005e-001	2.760861e-008
7.800000000000005e-001	2.785185e-008
7.900000000000005e-001	2.809687e-008
8.000000000000005e-001	2.834366e-008
8.100000000000005e-001	2.859223e-008
8.200000000000005e-001	2.884258e-008
8.300000000000005e-001	2.909470e-008
8.400000000000005e-001	2.934859e-008
8.500000000000005e-001	2.960425e-008
8.600000000000005e-001	2.986168e-008
8.700000000000006e-001	3.012087e-008
8.800000000000006e-001	3.038181e-008
8.900000000000006e-001	3.064449e-008
9.000000000000006e-001	3.090891e-008
9.100000000000006e-001	3.117506e-008
9.200000000000006e-001	3.144292e-008
9.300000000000006e-001	3.171249e-008
9.400000000000006e-001	3.198374e-008
9.500000000000006e-001	3.225666e-008
9.600000000000006e-001	3.253123e-008
9.700000000000006e-001	3.280743e-008
9.800000000000007e-001	3.308524e-008
9.900000000000007e-001	3.336464e-008
1.000000000000001e+000	3.364560e-008
1.010000000000001e+000	3.392809e-008
1.020000000000001e+000	3.421207e-008
1.030000000000001e+000	3.449753e-008
1.040000000000001e+000	3.478442e-008
1.050000000000001e+000	3.507270e-008
1.060000000000001e+000	3.536233e-008
1.070000000000001e+000	3.565327e-008
1.080000000000001e+000	3.594547e-008
1.090000000000001e+000	3.623888e-008
1.100000000000000e+000	3.653344e-008
Step Information: X=100m  (Run: 3/21)
0.000000000000000e+000	1.205138e-013
1.000000000000000e-002	1.653359e-008
2.000000000000000e-002	2.855983e-008
3.000000000000000e-002	3.684012e-008
4.000000000000000e-002	4.229477e-008
5.000000000000000e-002	4.583978e-008
6.000000000000001e-002	4.820759e-008
7.000000000000001e-002	4.988414e-008
8.000000000000000e-002	5.115689e-008
9.000000000000000e-002	5.218839e-008
9.999999999999999e-002	5.307068e-008
1.100000000000000e-001	5.385731e-008
1.200000000000000e-001	5.458052e-008
1.300000000000000e-001	5.526050e-008
1.400000000000000e-001	5.591035e-008
1.500000000000000e-001	5.653887e-008
1.600000000000000e-001	5.715215e-008
1.700000000000000e-001	5.775451e-008
1.800000000000000e-001	5.834912e-008
1.900000000000000e-001	5.893832e-008
2.000000000000000e-001	5.952390e-008
2.100000000000001e-001	6.010725e-008
2.200000000000001e-001	6.068945e-008
2.300000000000001e-001	6.127139e-008
2.400000000000001e-001	6.185375e-008
2.500000000000001e-001	6.243714e-008
2.600000000000001e-001	6.302201e-008
2.700000000000001e-001	6.360879e-008
2.800000000000001e-001	6.419781e-008
2.900000000000001e-001	6.478938e-008
3.000000000000001e-001	6.538374e-008
3.100000000000001e-001	6.598111e-008
3.200000000000001e-001	6.658171e-008
3.300000000000001e-001	6.718570e-008
3.400000000000001e-001	6.779322e-008
3.500000000000001e-001	6.840445e-008
3.600000000000002e-001	6.901949e-008
3.700000000000002e-001	6.963847e-008
3.800000000000002e-001	7.026151e-008
3.900000000000002e-001	7.088868e-008
4.000000000000002e-001	7.152010e-008
4.100000000000002e-001	7.215584e-008
4.200000000000002e-001	7.279600e-008
4.300000000000002e-001	7.344065e-008
4.400000000000002e-001	7.408986e-008
4.500000000000002e-001	7.474371e-008
4.600000000000002e-001	7.540227e-008
4.700000000000003e-001	7.606559e-008
4.800000000000003e-001	7.673375e-008
4.900000000000003e-001	7.740680e-008
5.000000000000002e-001	7.808480e-008
5.100000000000002e-001	7.876781e-008
5.200000000000002e-001	7.945589e-008
5.300000000000003e-001	8.014909e-008
5.400000000000003e-001	8.084746e-008
5.500000000000003e-001	8.155106e-008
5.600000000000003e-001	8.225994e-008
5.700000000000003e-001	8.297414e-008
5.800000000000003e-001	8.369373e-008
5.900000000000003e-001	8.441874e-008
6.000000000000003e-001	8.514922e-008
6.100000000000003e-001	8.588523e-008
6.200000000000003e-001	8.662681e-008
6.300000000000003e-001	8.737400e-008
6.400000000000004e-001	8.812685e-008
6.500000000000004e-001	8.888541e-008
6.600000000000004e-001	8.964973e-008
6.700000000000004e-001	9.041985e-008
6.800000000000004e-001	9.119579e-008
6.900000000000004e-001	9.197763e-008
7.000000000000004e-001	9.276540e-008
7.100000000000004e-001	9.355914e-008
7.200000000000004e-001	9.435888e-008
7.300000000000004e-001	9.516469e-008
7.400000000000004e-001	9.597658e-008
7.500000000000004e-001	9.679462e-008
7.600000000000005e-001	9.761884e-008
7.700000000000005e-001	9.844927e-008
7.800000000000005e-001	9.928596e-008
7.900000000000005e-001	1.001289e-007
8.000000000000005e-001	1.009783e-007
8.100000000000005e-001	1.018340e-007
8.200000000000005e-001	1.026961e-007
8.300000000000005e-001	1.035646e-007
8.400000000000005e-001	1.044397e-007
8.500000000000005e-001	1.053213e-007
8.600000000000005e-001	1.062094e-007
8.700000000000006e-001	1.071041e-007
8.800000000000006e-001	1.080054e-007
8.900000000000006e-001	1.089134e-007
9.000000000000006e-001	1.098281e-007
9.100000000000006e-001	1.107496e-007
9.200000000000006e-001	1.116777e-007
9.300000000000006e-001	1.126127e-007
9.400000000000006e-001	1.135545e-007
9.500000000000006e-001	1.145031e-007
9.600000000000006e-001	1.154586e-007
9.700000000000006e-001	1.164209e-007
9.800000000000007e-001	1.173902e-007
9.900000000000007e-001	1.183665e-007
1.000000000000001e+000	1.193497e-007
1.010000000000001e+000	1.203398e-007
1.020000000000001e+000	1.213370e-007
1.030000000000001e+000	1.223412e-007
1.040000000000001e+000	1.233524e-007
1.050000000000001e+000	1.243707e-007
1.060000000000001e+000	1.253960e-007
1.070000000000001e+000	1.264284e-007
1.080000000000001e+000	1.274679e-007
1.090000000000001e+000	1.285145e-007
1.100000000000000e+000	1.295682e-007
Step Information: X=150m  (Run: 4/21)
0.000000000000000e+000	3.244255e-013
1.000000000000000e-002	5.505468e-008
2.000000000000000e-002	9.563940e-008
3.000000000000000e-002	1.240373e-007
4.000000000000000e-002	1.430404e-007
5.000000000000000e-002	1.555187e-007
6.000000000000001e-002	1.638689e-007
7.000000000000001e-002	1.697478e-007
8.000000000000000e-002	1.741662e-007
9.000000000000000e-002	1.777065e-007
9.999999999999999e-002	1.807021e-007
1.100000000000000e-001	1.833478e-007
1.200000000000000e-001	1.857609e-007
1.300000000000000e-001	1.880151e-007
1.400000000000000e-001	1.901578e-007
1.500000000000000e-001	1.922211e-007
1.600000000000000e-001	1.942270e-007
1.700000000000000e-001	1.961911e-007
1.800000000000000e-001	1.981249e-007
1.900000000000000e-001	2.000366e-007
2.000000000000000e-001	2.019329e-007
2.100000000000001e-001	2.038185e-007
2.200000000000001e-001	2.056975e-007
2.300000000000001e-001	2.075729e-007
2.400000000000001e-001	2.094472e-007
2.500000000000001e-001	2.113224e-007
2.600000000000001e-001	2.132003e-007
2.700000000000001e-001	2.150822e-007
2.800000000000001e-001	2.169693e-007
2.900000000000001e-001	2.188628e-007
3.000000000000001e-001	2.207634e-007
3.100000000000001e-001	2.226719e-007
3.200000000000001e-001	2.245891e-007
3.300000000000001e-001	2.265154e-007
3.400000000000001e-001	2.284514e-007
3.500000000000001e-001	2.303977e-007
3.600000000000002e-001	2.323545e-007
3.700000000000002e-001	2.343224e-007
3.800000000000002e-001	2.363016e-007
3.900000000000002e-001	2.382925e-007
4.000000000000002e-001	2.402954e-007
4.100000000000002e-001	2.423106e-007
4.200000000000002e-001	2.443383e-007
4.300000000000002e-001	2.463788e-007
4.400000000000002e-001	2.484323e-007
4.500000000000002e-001	2.504991e-007
4.600000000000002e-001	2.525792e-007
4.700000000000003e-001	2.546731e-007
4.800000000000003e-001	2.567808e-007
4.900000000000003e-001	2.589024e-007
5.000000000000002e-001	2.610383e-007
5.100000000000002e-001	2.631886e-007
5.200000000000002e-001	2.653534e-007
5.300000000000003e-001	2.675329e-007
5.400000000000003e-001	2.697273e-007
5.500000000000003e-001	2.719366e-007
5.600000000000003e-001	2.741612e-007
5.700000000000003e-001	2.764010e-007
5.800000000000003e-001	2.786563e-007
5.900000000000003e-001	2.809272e-007
6.000000000000003e-001	2.832138e-007
6.100000000000003e-001	2.855163e-007
6.200000000000003e-001	2.878348e-007
6.300000000000003e-001	2.901695e-007
6.400000000000004e-001	2.925205e-007
6.500000000000004e-001	2.948878e-007
6.600000000000004e-001	2.972718e-007
6.700000000000004e-001	2.996723e-007
6.800000000000004e-001	3.020897e-007
6.900000000000004e-001	3.045240e-007
7.000000000000004e-001	3.069754e-007
7.100000000000004e-001	3.094440e-007
7.200000000000004e-001	3.119299e-007
7.300000000000004e-001	3.144332e-007
7.400000000000004e-001	3.169540e-007
7.500000000000004e-001	3.194926e-007
7.600000000000005e-001	3.220489e-007
7.700000000000005e-001	3.246232e-007
7.800000000000005e-001	3.272156e-007
7.900000000000005e-001	3.298261e-007
8.000000000000005e-001	3.324549e-007
8.100000000000005e-001	3.351021e-007
8.200000000000005e-001	3.377679e-007
8.300000000000005e-001	3.404523e-007
8.400000000000005e-001	3.431555e-007
8.500000000000005e-001	3.458776e-007
8.600000000000005e-001	3.486188e-007
8.700000000000006e-001	3.513790e-007
8.800000000000006e-001	3.541585e-007
8.900000000000006e-001	3.569574e-007
9.000000000000006e-001	3.597758e-007
9.100000000000006e-001	3.626137e-007
9.200000000000006e-001	3.654714e-007
9.300000000000006e-001	3.683490e-007
9.400000000000006e-001	3.712465e-007
9.500000000000006e-001	3.741641e-007
9.600000000000006e-001	3.771019e-007
9.700000000000006e-001	3.800599e-007
9.800000000000007e-001	3.830384e-007
9.900000000000007e-001	3.860375e-007
1.000000000000001e+000	3.890572e-007
1.010000000000001e+000	3.920976e-007
1.020000000000001e+000	3.951590e-007
1.030000000000001e+000	3.982413e-007
1.040000000000001e+000	4.013447e-007
1.050000000000001e+000	4.044693e-007
1.060000000000001e+000	4.076153e-007
1.070000000000001e+000	4.107827e-007
1.080000000000001e+000	4.139717e-007
1.090000000000001e+000	4.171823e-007
1.100000000000000e+000	4.204146e-007
Step Information: X=200m  (Run: 5/21)
0.000000000000000e+000	6.694791e-013
1.000000000000000e-002	1.617303e-007
2.000000000000000e-002	2.848324e-007
3.000000000000000e-002	3.744209e-007
4.000000000000000e-002	4.368789e-007
5.000000000000000e-002	4.792398e-007
6.000000000000001e-002	5.080154e-007
7.000000000000001e-002	5.282149e-007
8.000000000000000e-002	5.431678e-007
9.000000000000000e-002	5.549069e-007
9.999999999999999e-002	5.646345e-007
1.100000000000000e-001	5.730649e-007
1.200000000000000e-001	5.806320e-007
1.300000000000000e-001	5.876074e-007
1.400000000000000e-001	5.941668e-007
1.500000000000000e-001	6.004275e-007
1.600000000000000e-001	6.064701e-007
1.700000000000000e-001	6.123514e-007
1.800000000000000e-001	6.181127e-007
1.900000000000000e-001	6.237844e-007
2.000000000000000e-001	6.293896e-007
2.100000000000001e-001	6.349457e-007
2.200000000000001e-001	6.404666e-007
2.300000000000001e-001	6.459633e-007
2.400000000000001e-001	6.514443e-007
2.500000000000001e-001	6.569169e-007
2.600000000000001e-001	6.623869e-007
2.700000000000001e-001	6.678592e-007
2.800000000000001e-001	6.733379e-007
2.900000000000001e-001	6.788265e-007
3.000000000000001e-001	6.843278e-007
3.100000000000001e-001	6.898445e-007
3.200000000000001e-001	6.953787e-007
3.300000000000001e-001	7.009325e-007
3.400000000000001e-001	7.065075e-007
3.500000000000001e-001	7.121052e-007
3.600000000000002e-001	7.177270e-007
3.700000000000002e-001	7.233742e-007
3.800000000000002e-001	7.290477e-007
3.900000000000002e-001	7.347486e-007
4.000000000000002e-001	7.404778e-007
4.100000000000002e-001	7.462363e-007
4.200000000000002e-001	7.520246e-007
4.300000000000002e-001	7.578436e-007
4.400000000000002e-001	7.636938e-007
4.500000000000002e-001	7.695760e-007
4.600000000000002e-001	7.754907e-007
4.700000000000003e-001	7.814385e-007
4.800000000000003e-001	7.874199e-007
4.900000000000003e-001	7.934353e-007
5.000000000000002e-001	7.994853e-007
5.100000000000002e-001	8.055703e-007
5.200000000000002e-001	8.116908e-007
5.300000000000003e-001	8.178470e-007
5.400000000000003e-001	8.240395e-007
5.500000000000003e-001	8.302687e-007
5.600000000000003e-001	8.365348e-007
5.700000000000003e-001	8.428383e-007
5.800000000000003e-001	8.491795e-007
5.900000000000003e-001	8.555587e-007
6.000000000000003e-001	8.619764e-007
6.100000000000003e-001	8.684327e-007
6.200000000000003e-001	8.749281e-007
6.300000000000003e-001	8.814628e-007
6.400000000000004e-001	8.880372e-007
6.500000000000004e-001	8.946515e-007
6.600000000000004e-001	9.013060e-007
6.700000000000004e-001	9.080011e-007
6.800000000000004e-001	9.147370e-007
6.900000000000004e-001	9.215140e-007
7.000000000000004e-001	9.283324e-007
7.100000000000004e-001	9.351924e-007
7.200000000000004e-001	9.420944e-007
7.300000000000004e-001	9.490386e-007
7.400000000000004e-001	9.560252e-007
7.500000000000004e-001	9.630546e-007
7.600000000000005e-001	9.701271e-007
7.700000000000005e-001	9.772427e-007
7.800000000000005e-001	9.844019e-007
7.900000000000005e-001	9.916049e-007
8.000000000000005e-001	9.988519e-007
8.100000000000005e-001	1.006143e-006
8.200000000000005e-001	1.013479e-006
8.300000000000005e-001	1.020860e-006
8.400000000000005e-001	1.028285e-006
8.500000000000005e-001	1.035756e-006
8.600000000000005e-001	1.043273e-006
8.700000000000006e-001	1.050835e-006
8.800000000000006e-001	1.058444e-006
8.900000000000006e-001	1.066098e-006
9.000000000000006e-001	1.073800e-006
9.100000000000006e-001	1.081548e-006
9.200000000000006e-001	1.089343e-006
9.300000000000006e-001	1.097185e-006
9.400000000000006e-001	1.105075e-006
9.500000000000006e-001	1.113012e-006
9.600000000000006e-001	1.120998e-006
9.700000000000006e-001	1.129031e-006
9.800000000000007e-001	1.137114e-006
9.900000000000007e-001	1.145245e-006
1.000000000000001e+000	1.153425e-006
1.010000000000001e+000	1.161654e-006
1.020000000000001e+000	1.169933e-006
1.030000000000001e+000	1.178261e-006
1.040000000000001e+000	1.186639e-006
1.050000000000001e+000	1.195068e-006
1.060000000000001e+000	1.203547e-006
1.070000000000001e+000	1.212076e-006
1.080000000000001e+000	1.220657e-006
1.090000000000001e+000	1.229288e-006
1.100000000000000e+000	1.237971e-006
Step Information: X=250m  (Run: 6/21)
0.000000000000000e+000	1.040502e-012
1.000000000000000e-002	4.022983e-007
2.000000000000000e-002	7.246071e-007
3.000000000000000e-002	9.746072e-007
4.000000000000000e-002	1.161857e-006
5.000000000000000e-002	1.297706e-006
6.000000000000001e-002	1.394426e-006
7.000000000000001e-002	1.463495e-006
8.000000000000000e-002	1.514114e-006
9.000000000000000e-002	1.552782e-006
9.999999999999999e-002	1.583736e-006
1.100000000000000e-001	1.609644e-006
1.200000000000000e-001	1.632175e-006
1.300000000000000e-001	1.652388e-006
1.400000000000000e-001	1.670969e-006
1.500000000000000e-001	1.688374e-006
1.600000000000000e-001	1.704916e-006
1.700000000000000e-001	1.720811e-006
1.800000000000000e-001	1.736218e-006
1.900000000000000e-001	1.751249e-006
2.000000000000000e-001	1.765991e-006
2.100000000000001e-001	1.780510e-006
2.200000000000001e-001	1.794854e-006
2.300000000000001e-001	1.809065e-006
2.400000000000001e-001	1.823172e-006
2.500000000000001e-001	1.837203e-006
2.600000000000001e-001	1.851176e-006
2.700000000000001e-001	1.865110e-006
2.800000000000001e-001	1.879018e-006
2.900000000000001e-001	1.892912e-006
3.000000000000001e-001	1.906802e-006
3.100000000000001e-001	1.920696e-006
3.200000000000001e-001	1.934603e-006
3.300000000000001e-001	1.948528e-006
3.400000000000001e-001	1.962477e-006
3.500000000000001e-001	1.976455e-006
3.600000000000002e-001	1.990465e-006
3.700000000000002e-001	2.004512e-006
3.800000000000002e-001	2.018599e-006
3.900000000000002e-001	2.032729e-006
4.000000000000002e-001	2.046904e-006
4.100000000000002e-001	2.061128e-006
4.200000000000002e-001	2.075401e-006
4.300000000000002e-001	2.089727e-006
4.400000000000002e-001	2.104107e-006
4.500000000000002e-001	2.118543e-006
4.600000000000002e-001	2.133035e-006
4.700000000000003e-001	2.147587e-006
4.800000000000003e-001	2.162198e-006
4.900000000000003e-001	2.176871e-006
5.000000000000002e-001	2.191605e-006
5.100000000000002e-001	2.206403e-006
5.200000000000002e-001	2.221266e-006
5.300000000000003e-001	2.236193e-006
5.400000000000003e-001	2.251187e-006
5.500000000000003e-001	2.266248e-006
5.600000000000003e-001	2.281376e-006
5.700000000000003e-001	2.296573e-006
5.800000000000003e-001	2.311839e-006
5.900000000000003e-001	2.327175e-006
6.000000000000003e-001	2.342582e-006
6.100000000000003e-001	2.358059e-006
6.200000000000003e-001	2.373609e-006
6.300000000000003e-001	2.389230e-006
6.400000000000004e-001	2.404925e-006
6.500000000000004e-001	2.420692e-006
6.600000000000004e-001	2.436534e-006
6.700000000000004e-001	2.452450e-006
6.800000000000004e-001	2.468441e-006
6.900000000000004e-001	2.484507e-006
7.000000000000004e-001	2.500649e-006
7.100000000000004e-001	2.516867e-006
7.200000000000004e-001	2.533161e-006
7.300000000000004e-001	2.549533e-006
7.400000000000004e-001	2.565982e-006
7.500000000000004e-001	2.582509e-006
7.600000000000005e-001	2.599114e-006
7.700000000000005e-001	2.615797e-006
7.800000000000005e-001	2.632560e-006
7.900000000000005e-001	2.649401e-006
8.000000000000005e-001	2.666323e-006
8.100000000000005e-001	2.683324e-006
8.200000000000005e-001	2.700406e-006
8.300000000000005e-001	2.717568e-006
8.400000000000005e-001	2.734811e-006
8.500000000000005e-001	2.752136e-006
8.600000000000005e-001	2.769542e-006
8.700000000000006e-001	2.787030e-006
8.800000000000006e-001	2.804600e-006
8.900000000000006e-001	2.822253e-006
9.000000000000006e-001	2.839989e-006
9.100000000000006e-001	2.857807e-006
9.200000000000006e-001	2.875709e-006
9.300000000000006e-001	2.893695e-006
9.400000000000006e-001	2.911765e-006
9.500000000000006e-001	2.929919e-006
9.600000000000006e-001	2.948158e-006
9.700000000000006e-001	2.966482e-006
9.800000000000007e-001	2.984890e-006
9.900000000000007e-001	3.003385e-006
1.000000000000001e+000	3.021964e-006
1.010000000000001e+000	3.040630e-006
1.020000000000001e+000	3.059382e-006
1.030000000000001e+000	3.078221e-006
1.040000000000001e+000	3.097146e-006
1.050000000000001e+000	3.116159e-006
1.060000000000001e+000	3.135259e-006
1.070000000000001e+000	3.154446e-006
1.080000000000001e+000	3.173722e-006
1.090000000000001e+000	3.193086e-006
1.100000000000000e+000	3.212538e-006
Step Information: X=300m  (Run: 7/21)
0.000000000000000e+000	7.670832e-013
1.000000000000000e-002	8.200395e-007
2.000000000000000e-002	1.513602e-006
3.000000000000000e-002	2.088878e-006
4.000000000000000e-002	2.555461e-006
5.000000000000000e-002	2.924637e-006
6.000000000000001e-002	3.209752e-006
7.000000000000001e-002	3.425931e-006
8.000000000000000e-002	3.588776e-006
9.000000000000000e-002	3.712525e-006
9.999999999999999e-002	3.808718e-006
1.100000000000000e-001	3.885869e-006
1.200000000000000e-001	3.949895e-006
1.300000000000000e-001	4.004793e-006
1.400000000000000e-001	4.053235e-006
1.500000000000000e-001	4.097028e-006
1.600000000000000e-001	4.137406e-006
1.700000000000000e-001	4.175226e-006
1.800000000000000e-001	4.211102e-006
1.900000000000000e-001	4.245475e-006
2.000000000000000e-001	4.278672e-006
2.100000000000001e-001	4.310936e-006
2.200000000000001e-001	4.342456e-006
2.300000000000001e-001	4.373377e-006
2.400000000000001e-001	4.403811e-006
2.500000000000001e-001	4.433850e-006
2.600000000000001e-001	4.463566e-006
2.700000000000001e-001	4.493019e-006
2.800000000000001e-001	4.522258e-006
2.900000000000001e-001	4.551323e-006
3.000000000000001e-001	4.580247e-006
3.100000000000001e-001	4.609059e-006
3.200000000000001e-001	4.637784e-006
3.300000000000001e-001	4.666442e-006
3.400000000000001e-001	4.695050e-006
3.500000000000001e-001	4.723624e-006
3.600000000000002e-001	4.752177e-006
3.700000000000002e-001	4.780721e-006
3.800000000000002e-001	4.809267e-006
3.900000000000002e-001	4.837822e-006
4.000000000000002e-001	4.866396e-006
4.100000000000002e-001	4.894994e-006
4.200000000000002e-001	4.923624e-006
4.300000000000002e-001	4.952291e-006
4.400000000000002e-001	4.981001e-006
4.500000000000002e-001	5.009758e-006
4.600000000000002e-001	5.038566e-006
4.700000000000003e-001	5.067428e-006
4.800000000000003e-001	5.096349e-006
4.900000000000003e-001	5.125331e-006
5.000000000000002e-001	5.154377e-006
5.100000000000002e-001	5.183490e-006
5.200000000000002e-001	5.212672e-006
5.300000000000003e-001	5.241926e-006
5.400000000000003e-001	5.271253e-006
5.500000000000003e-001	5.300656e-006
5.600000000000003e-001	5.330136e-006
5.700000000000003e-001	5.359694e-006
5.800000000000003e-001	5.389333e-006
5.900000000000003e-001	5.419053e-006
6.000000000000003e-001	5.448856e-006
6.100000000000003e-001	5.478743e-006
6.200000000000003e-001	5.508716e-006
6.300000000000003e-001	5.538775e-006
6.400000000000004e-001	5.568921e-006
6.500000000000004e-001	5.599155e-006
6.600000000000004e-001	5.629478e-006
6.700000000000004e-001	5.659891e-006
6.800000000000004e-001	5.690395e-006
6.900000000000004e-001	5.720990e-006
7.000000000000004e-001	5.751678e-006
7.100000000000004e-001	5.782458e-006
7.200000000000004e-001	5.813332e-006
7.300000000000004e-001	5.844299e-006
7.400000000000004e-001	5.875361e-006
7.500000000000004e-001	5.906518e-006
7.600000000000005e-001	5.937771e-006
7.700000000000005e-001	5.969119e-006
7.800000000000005e-001	6.000564e-006
7.900000000000005e-001	6.032106e-006
8.000000000000005e-001	6.063745e-006
8.100000000000005e-001	6.095482e-006
8.200000000000005e-001	6.127316e-006
8.300000000000005e-001	6.159249e-006
8.400000000000005e-001	6.191281e-006
8.500000000000005e-001	6.223411e-006
8.600000000000005e-001	6.255641e-006
8.700000000000006e-001	6.287971e-006
8.800000000000006e-001	6.320400e-006
8.900000000000006e-001	6.352930e-006
9.000000000000006e-001	6.385560e-006
9.100000000000006e-001	6.418290e-006
9.200000000000006e-001	6.451121e-006
9.300000000000006e-001	6.484054e-006
9.400000000000006e-001	6.517088e-006
9.500000000000006e-001	6.550224e-006
9.600000000000006e-001	6.583461e-006
9.700000000000006e-001	6.616800e-006
9.800000000000007e-001	6.650242e-006
9.900000000000007e-001	6.683785e-006
1.000000000000001e+000	6.717432e-006
1.010000000000001e+000	6.751181e-006
1.020000000000001e+000	6.785033e-006
1.030000000000001e+000	6.818988e-006
1.040000000000001e+000	6.853047e-006
1.050000000000001e+000	6.887210e-006
1.060000000000001e+000	6.921475e-006
1.070000000000001e+000	6.955845e-006
1.080000000000001e+000	6.990319e-006
1.090000000000001e+000	7.024898e-006
1.100000000000000e+000	7.059581e-006
Step Information: X=350m  (Run: 8/21)
0.000000000000000e+000	-9.339025e-013
1.000000000000000e-002	1.371504e-006
2.000000000000000e-002	2.581623e-006
3.000000000000000e-002	3.637771e-006
4.000000000000000e-002	4.548016e-006
5.000000000000000e-002	5.321082e-006
6.000000000000001e-002	5.966747e-006
7.000000000000001e-002	6.496414e-006
8.000000000000000e-002	6.923535e-006
9.000000000000000e-002	7.263464e-006
9.999999999999999e-002	7.532470e-006
1.100000000000000e-001	7.746195e-006
1.200000000000000e-001	7.918269e-006
1.300000000000000e-001	8.059620e-006
1.400000000000000e-001	8.178505e-006
1.500000000000000e-001	8.280937e-006
1.600000000000000e-001	8.371220e-006
1.700000000000000e-001	8.452421e-006
1.800000000000000e-001	8.526737e-006
1.900000000000000e-001	8.595755e-006
2.000000000000000e-001	8.660643e-006
2.100000000000001e-001	8.722264e-006
2.200000000000001e-001	8.781270e-006
2.300000000000001e-001	8.838160e-006
2.400000000000001e-001	8.893320e-006
2.500000000000001e-001	8.947052e-006
2.600000000000001e-001	8.999598e-006
2.700000000000001e-001	9.051151e-006
2.800000000000001e-001	9.101867e-006
2.900000000000001e-001	9.151874e-006
3.000000000000001e-001	9.201279e-006
3.100000000000001e-001	9.250169e-006
3.200000000000001e-001	9.298617e-006
3.300000000000001e-001	9.346690e-006
3.400000000000001e-001	9.394436e-006
3.500000000000001e-001	9.441905e-006
3.600000000000002e-001	9.489134e-006
3.700000000000002e-001	9.536157e-006
3.800000000000002e-001	9.583003e-006
3.900000000000002e-001	9.629700e-006
4.000000000000002e-001	9.676269e-006
4.100000000000002e-001	9.722730e-006
4.200000000000002e-001	9.769102e-006
4.300000000000002e-001	9.815399e-006
4.400000000000002e-001	9.861636e-006
4.500000000000002e-001	9.907825e-006
4.600000000000002e-001	9.953978e-006
4.700000000000003e-001	1.000011e-005
4.800000000000003e-001	1.004621e-005
4.900000000000003e-001	1.009232e-005
5.000000000000002e-001	1.013841e-005
5.100000000000002e-001	1.018452e-005
5.200000000000002e-001	1.023064e-005
5.300000000000003e-001	1.027677e-005
5.400000000000003e-001	1.032292e-005
5.500000000000003e-001	1.036911e-005
5.600000000000003e-001	1.041532e-005
5.700000000000003e-001	1.046157e-005
5.800000000000003e-001	1.050786e-005
5.900000000000003e-001	1.055419e-005
6.000000000000003e-001	1.060056e-005
6.100000000000003e-001	1.064698e-005
6.200000000000003e-001	1.069346e-005
6.300000000000003e-001	1.073999e-005
6.400000000000004e-001	1.078657e-005
6.500000000000004e-001	1.083321e-005
6.600000000000004e-001	1.087991e-005
6.700000000000004e-001	1.092667e-005
6.800000000000004e-001	1.097350e-005
6.900000000000004e-001	1.102039e-005
7.000000000000004e-001	1.106735e-005
7.100000000000004e-001	1.111437e-005
7.200000000000004e-001	1.116147e-005
7.300000000000004e-001	1.120863e-005
7.400000000000004e-001	1.125587e-005
7.500000000000004e-001	1.130317e-005
7.600000000000005e-001	1.135056e-005
7.700000000000005e-001	1.139801e-005
7.800000000000005e-001	1.144554e-005
7.900000000000005e-001	1.149315e-005
8.000000000000005e-001	1.154083e-005
8.100000000000005e-001	1.158859e-005
8.200000000000005e-001	1.163643e-005
8.300000000000005e-001	1.168435e-005
8.400000000000005e-001	1.173235e-005
8.500000000000005e-001	1.178042e-005
8.600000000000005e-001	1.182858e-005
8.700000000000006e-001	1.187682e-005
8.800000000000006e-001	1.192514e-005
8.900000000000006e-001	1.197354e-005
9.000000000000006e-001	1.202202e-005
9.100000000000006e-001	1.207059e-005
9.200000000000006e-001	1.211924e-005
9.300000000000006e-001	1.216797e-005
9.400000000000006e-001	1.221679e-005
9.500000000000006e-001	1.226569e-005
9.600000000000006e-001	1.231467e-005
9.700000000000006e-001	1.236374e-005
9.800000000000007e-001	1.241290e-005
9.900000000000007e-001	1.246214e-005
1.000000000000001e+000	1.251146e-005
1.010000000000001e+000	1.256087e-005
1.020000000000001e+000	1.261037e-005
1.030000000000001e+000	1.265995e-005
1.040000000000001e+000	1.270962e-005
1.050000000000001e+000	1.275937e-005
1.060000000000001e+000	1.280921e-005
1.070000000000001e+000	1.285914e-005
1.080000000000001e+000	1.290916e-005
1.090000000000001e+000	1.295926e-005
1.100000000000000e+000	1.300945e-005
Step Information: X=400m  (Run: 9/21)
0.000000000000000e+000	-4.428480e-012
1.000000000000000e-002	1.953719e-006
2.000000000000000e-002	3.727752e-006
3.000000000000000e-002	5.328484e-006
4.000000000000000e-002	6.762568e-006
5.000000000000000e-002	8.036738e-006
6.000000000000001e-002	9.157891e-006
7.000000000000001e-002	1.013335e-005
8.000000000000000e-002	1.097131e-005
9.000000000000000e-002	1.168136e-005
9.999999999999999e-002	1.227501e-005
1.100000000000000e-001	1.276574e-005
1.200000000000000e-001	1.316858e-005
1.300000000000000e-001	1.349897e-005
1.400000000000000e-001	1.377148e-005
1.500000000000000e-001	1.399881e-005
1.600000000000000e-001	1.419141e-005
1.700000000000000e-001	1.435745e-005
1.800000000000000e-001	1.450314e-005
1.900000000000000e-001	1.463316e-005
2.000000000000000e-001	1.475101e-005
2.100000000000001e-001	1.485929e-005
2.200000000000001e-001	1.495999e-005
2.300000000000001e-001	1.505459e-005
2.400000000000001e-001	1.514425e-005
2.500000000000001e-001	1.522986e-005
2.600000000000001e-001	1.531211e-005
2.700000000000001e-001	1.539156e-005
2.800000000000001e-001	1.546866e-005
2.900000000000001e-001	1.554376e-005
3.000000000000001e-001	1.561715e-005
3.100000000000001e-001	1.568907e-005
3.200000000000001e-001	1.575973e-005
3.300000000000001e-001	1.582929e-005
3.400000000000001e-001	1.589789e-005
3.500000000000001e-001	1.596565e-005
3.600000000000002e-001	1.603268e-005
3.700000000000002e-001	1.609905e-005
3.800000000000002e-001	1.616485e-005
3.900000000000002e-001	1.623013e-005
4.000000000000002e-001	1.629496e-005
4.100000000000002e-001	1.635938e-005
4.200000000000002e-001	1.642345e-005
4.300000000000002e-001	1.648719e-005
4.400000000000002e-001	1.655064e-005
4.500000000000002e-001	1.661383e-005
4.600000000000002e-001	1.667679e-005
4.700000000000003e-001	1.673955e-005
4.800000000000003e-001	1.680211e-005
4.900000000000003e-001	1.686451e-005
5.000000000000002e-001	1.692676e-005
5.100000000000002e-001	1.698888e-005
5.200000000000002e-001	1.705087e-005
5.300000000000003e-001	1.711276e-005
5.400000000000003e-001	1.717456e-005
5.500000000000003e-001	1.723627e-005
5.600000000000003e-001	1.729791e-005
5.700000000000003e-001	1.735949e-005
5.800000000000003e-001	1.742100e-005
5.900000000000003e-001	1.748247e-005
6.000000000000003e-001	1.754390e-005
6.100000000000003e-001	1.760529e-005
6.200000000000003e-001	1.766666e-005
6.300000000000003e-001	1.772800e-005
6.400000000000004e-001	1.778932e-005
6.500000000000004e-001	1.785063e-005
6.600000000000004e-001	1.791193e-005
6.700000000000004e-001	1.797323e-005
6.800000000000004e-001	1.803452e-005
6.900000000000004e-001	1.809582e-005
7.000000000000004e-001	1.815712e-005
7.100000000000004e-001	1.821843e-005
7.200000000000004e-001	1.827975e-005
7.300000000000004e-001	1.834109e-005
7.400000000000004e-001	1.840244e-005
7.500000000000004e-001	1.846381e-005
7.600000000000005e-001	1.852520e-005
7.700000000000005e-001	1.858662e-005
7.800000000000005e-001	1.864807e-005
7.900000000000005e-001	1.870954e-005
8.000000000000005e-001	1.877104e-005
8.100000000000005e-001	1.883256e-005
8.200000000000005e-001	1.889413e-005
8.300000000000005e-001	1.895572e-005
8.400000000000005e-001	1.901735e-005
8.500000000000005e-001	1.907902e-005
8.600000000000005e-001	1.914072e-005
8.700000000000006e-001	1.920247e-005
8.800000000000006e-001	1.926425e-005
8.900000000000006e-001	1.932607e-005
9.000000000000006e-001	1.938794e-005
9.100000000000006e-001	1.944984e-005
9.200000000000006e-001	1.951179e-005
9.300000000000006e-001	1.957379e-005
9.400000000000006e-001	1.963583e-005
9.500000000000006e-001	1.969791e-005
9.600000000000006e-001	1.976004e-005
9.700000000000006e-001	1.982222e-005
9.800000000000007e-001	1.988444e-005
9.900000000000007e-001	1.994672e-005
1.000000000000001e+000	2.000904e-005
1.010000000000001e+000	2.007141e-005
1.020000000000001e+000	2.013384e-005
1.030000000000001e+000	2.019631e-005
1.040000000000001e+000	2.025883e-005
1.050000000000001e+000	2.032141e-005
1.060000000000001e+000	2.038404e-005
1.070000000000001e+000	2.044672e-005
1.080000000000001e+000	2.050945e-005
1.090000000000001e+000	2.057224e-005
1.100000000000000e+000	2.063508e-005
Step Information: X=450m  (Run: 10/21)
0.000000000000000e+000	-1.037498e-011
1.000000000000000e-002	2.489911e-006
2.000000000000000e-002	4.794367e-006
3.000000000000000e-002	6.918792e-006
4.000000000000000e-002	8.868736e-006
5.000000000000000e-002	1.064966e-005
6.000000000000001e-002	1.226690e-005
7.000000000000001e-002	1.372569e-005
8.000000000000000e-002	1.503130e-005
9.000000000000000e-002	1.618931e-005
9.999999999999999e-002	1.720600e-005
1.100000000000000e-001	1.808879e-005
1.200000000000000e-001	1.884677e-005
1.300000000000000e-001	1.949100e-005
1.400000000000000e-001	2.003435e-005
1.500000000000000e-001	2.049087e-005
1.600000000000000e-001	2.087477e-005
1.700000000000000e-001	2.119940e-005
1.800000000000000e-001	2.147649e-005
1.900000000000000e-001	2.171587e-005
2.000000000000000e-001	2.192547e-005
2.100000000000001e-001	2.211153e-005
2.200000000000001e-001	2.227890e-005
2.300000000000001e-001	2.243135e-005
2.400000000000001e-001	2.257178e-005
2.500000000000001e-001	2.270245e-005
2.600000000000001e-001	2.282511e-005
2.700000000000001e-001	2.294116e-005
2.800000000000001e-001	2.305169e-005
2.900000000000001e-001	2.315758e-005
3.000000000000001e-001	2.325954e-005
3.100000000000001e-001	2.335815e-005
3.200000000000001e-001	2.345389e-005
3.300000000000001e-001	2.354713e-005
3.400000000000001e-001	2.363821e-005
3.500000000000001e-001	2.372741e-005
3.600000000000002e-001	2.381494e-005
3.700000000000002e-001	2.390101e-005
3.800000000000002e-001	2.398579e-005
3.900000000000002e-001	2.406941e-005
4.000000000000002e-001	2.415200e-005
4.100000000000002e-001	2.423367e-005
4.200000000000002e-001	2.431451e-005
4.300000000000002e-001	2.439460e-005
4.400000000000002e-001	2.447402e-005
4.500000000000002e-001	2.455282e-005
4.600000000000002e-001	2.463108e-005
4.700000000000003e-001	2.470882e-005
4.800000000000003e-001	2.478611e-005
4.900000000000003e-001	2.486298e-005
5.000000000000002e-001	2.493946e-005
5.100000000000002e-001	2.501559e-005
5.200000000000002e-001	2.509140e-005
5.300000000000003e-001	2.516691e-005
5.400000000000003e-001	2.524215e-005
5.500000000000003e-001	2.531713e-005
5.600000000000003e-001	2.539189e-005
5.700000000000003e-001	2.546643e-005
5.800000000000003e-001	2.554078e-005
5.900000000000003e-001	2.561494e-005
6.000000000000003e-001	2.568894e-005
6.100000000000003e-001	2.576278e-005
6.200000000000003e-001	2.583647e-005
6.300000000000003e-001	2.591004e-005
6.400000000000004e-001	2.598348e-005
6.500000000000004e-001	2.605681e-005
6.600000000000004e-001	2.613003e-005
6.700000000000004e-001	2.620316e-005
6.800000000000004e-001	2.627620e-005
6.900000000000004e-001	2.634915e-005
7.000000000000004e-001	2.642203e-005
7.100000000000004e-001	2.649484e-005
7.200000000000004e-001	2.656759e-005
7.300000000000004e-001	2.664027e-005
7.400000000000004e-001	2.671291e-005
7.500000000000004e-001	2.678549e-005
7.600000000000005e-001	2.685802e-005
7.700000000000005e-001	2.693052e-005
7.800000000000005e-001	2.700298e-005
7.900000000000005e-001	2.707540e-005
8.000000000000005e-001	2.714779e-005
8.100000000000005e-001	2.722016e-005
8.200000000000005e-001	2.729250e-005
8.300000000000005e-001	2.736481e-005
8.400000000000005e-001	2.743711e-005
8.500000000000005e-001	2.750940e-005
8.600000000000005e-001	2.758166e-005
8.700000000000006e-001	2.765392e-005
8.800000000000006e-001	2.772616e-005
8.900000000000006e-001	2.779840e-005
9.000000000000006e-001	2.787063e-005
9.100000000000006e-001	2.794286e-005
9.200000000000006e-001	2.801508e-005
9.300000000000006e-001	2.808730e-005
9.400000000000006e-001	2.815952e-005
9.500000000000006e-001	2.823175e-005
9.600000000000006e-001	2.830398e-005
9.700000000000006e-001	2.837621e-005
9.800000000000007e-001	2.844845e-005
9.900000000000007e-001	2.852069e-005
1.000000000000001e+000	2.859295e-005
1.010000000000001e+000	2.866521e-005
1.020000000000001e+000	2.873748e-005
1.030000000000001e+000	2.880977e-005
1.040000000000001e+000	2.888207e-005
1.050000000000001e+000	2.895438e-005
1.060000000000001e+000	2.902671e-005
1.070000000000001e+000	2.909905e-005
1.080000000000001e+000	2.917141e-005
1.090000000000001e+000	2.924379e-005
1.100000000000000e+000	2.931618e-005
Step Information: X=500m  (Run: 11/21)
0.000000000000000e+000	-1.979652e-011
1.000000000000000e-002	2.952129e-006
2.000000000000000e-002	5.720332e-006
3.000000000000000e-002	8.309215e-006
4.000000000000000e-002	1.072346e-005
5.000000000000000e-002	1.296763e-005
6.000000000000001e-002	1.504612e-005
7.000000000000001e-002	1.696310e-005
8.000000000000000e-002	1.872254e-005
9.000000000000000e-002	2.032828e-005
9.999999999999999e-002	2.178414e-005
1.100000000000000e-001	2.309418e-005
1.200000000000000e-001	2.426295e-005
1.300000000000000e-001	2.529600e-005
1.400000000000000e-001	2.620031e-005
1.500000000000000e-001	2.698465e-005
1.600000000000000e-001	2.765967e-005
1.700000000000000e-001	2.823761e-005
1.800000000000000e-001	2.873153e-005
1.900000000000000e-001	2.915444e-005
2.000000000000000e-001	2.951846e-005
2.100000000000001e-001	2.983433e-005
2.200000000000001e-001	3.011114e-005
2.300000000000001e-001	3.035637e-005
2.400000000000001e-001	3.057608e-005
2.500000000000001e-001	3.077506e-005
2.600000000000001e-001	3.095714e-005
2.700000000000001e-001	3.112535e-005
2.800000000000001e-001	3.128209e-005
2.900000000000001e-001	3.142928e-005
3.000000000000001e-001	3.156845e-005
3.100000000000001e-001	3.170086e-005
3.200000000000001e-001	3.182750e-005
3.300000000000001e-001	3.194921e-005
3.400000000000001e-001	3.206666e-005
3.500000000000001e-001	3.218042e-005
3.600000000000002e-001	3.229097e-005
3.700000000000002e-001	3.239870e-005
3.800000000000002e-001	3.250394e-005
3.900000000000002e-001	3.260699e-005
4.000000000000002e-001	3.270809e-005
4.100000000000002e-001	3.280743e-005
4.200000000000002e-001	3.290522e-005
4.300000000000002e-001	3.300161e-005
4.400000000000002e-001	3.309673e-005
4.500000000000002e-001	3.319071e-005
4.600000000000002e-001	3.328364e-005
4.700000000000003e-001	3.337564e-005
4.800000000000003e-001	3.346676e-005
4.900000000000003e-001	3.355711e-005
5.000000000000002e-001	3.364672e-005
5.100000000000002e-001	3.373568e-005
5.200000000000002e-001	3.382402e-005
5.300000000000003e-001	3.391181e-005
5.400000000000003e-001	3.399907e-005
5.500000000000003e-001	3.408585e-005
5.600000000000003e-001	3.417218e-005
5.700000000000003e-001	3.425810e-005
5.800000000000003e-001	3.434364e-005
5.900000000000003e-001	3.442881e-005
6.000000000000003e-001	3.451365e-005
6.100000000000003e-001	3.459819e-005
6.200000000000003e-001	3.468243e-005
6.300000000000003e-001	3.476640e-005
6.400000000000004e-001	3.485011e-005
6.500000000000004e-001	3.493359e-005
6.600000000000004e-001	3.501684e-005
6.700000000000004e-001	3.509988e-005
6.800000000000004e-001	3.518272e-005
6.900000000000004e-001	3.526538e-005
7.000000000000004e-001	3.534786e-005
7.100000000000004e-001	3.543018e-005
7.200000000000004e-001	3.551234e-005
7.300000000000004e-001	3.559436e-005
7.400000000000004e-001	3.567624e-005
7.500000000000004e-001	3.575800e-005
7.600000000000005e-001	3.583962e-005
7.700000000000005e-001	3.592113e-005
7.800000000000005e-001	3.600254e-005
7.900000000000005e-001	3.608383e-005
8.000000000000005e-001	3.616504e-005
8.100000000000005e-001	3.624615e-005
8.200000000000005e-001	3.632716e-005
8.300000000000005e-001	3.640810e-005
8.400000000000005e-001	3.648896e-005
8.500000000000005e-001	3.656975e-005
8.600000000000005e-001	3.665046e-005
8.700000000000006e-001	3.673111e-005
8.800000000000006e-001	3.681170e-005
8.900000000000006e-001	3.689222e-005
9.000000000000006e-001	3.697269e-005
9.100000000000006e-001	3.705311e-005
9.200000000000006e-001	3.713348e-005
9.300000000000006e-001	3.721379e-005
9.400000000000006e-001	3.729406e-005
9.500000000000006e-001	3.737429e-005
9.600000000000006e-001	3.745448e-005
9.700000000000006e-001	3.753463e-005
9.800000000000007e-001	3.761475e-005
9.900000000000007e-001	3.769483e-005
1.000000000000001e+000	3.777488e-005
1.010000000000001e+000	3.785489e-005
1.020000000000001e+000	3.793489e-005
1.030000000000001e+000	3.801485e-005
1.040000000000001e+000	3.809479e-005
1.050000000000001e+000	3.817470e-005
1.060000000000001e+000	3.825460e-005
1.070000000000001e+000	3.833447e-005
1.080000000000001e+000	3.841433e-005
1.090000000000001e+000	3.849417e-005
1.100000000000000e+000	3.857400e-005
Step Information: X=550m  (Run: 12/21)
0.000000000000000e+000	-3.405300e-011
1.000000000000000e-002	3.341153e-006
2.000000000000000e-002	6.503620e-006
3.000000000000000e-002	9.491325e-006
4.000000000000000e-002	1.230826e-005
5.000000000000000e-002	1.495830e-005
6.000000000000001e-002	1.744519e-005
7.000000000000001e-002	1.977244e-005
8.000000000000000e-002	2.194334e-005
9.000000000000000e-002	2.396094e-005
9.999999999999999e-002	2.582809e-005
1.100000000000000e-001	2.754749e-005
1.200000000000000e-001	2.912179e-005
1.300000000000000e-001	3.055380e-005
1.400000000000000e-001	3.184674e-005
1.500000000000000e-001	3.300465e-005
1.600000000000000e-001	3.403283e-005
1.700000000000000e-001	3.493817e-005
1.800000000000000e-001	3.572940e-005
1.900000000000000e-001	3.641697e-005
2.000000000000000e-001	3.701251e-005
2.100000000000001e-001	3.752819e-005
2.200000000000001e-001	3.797588e-005
2.300000000000001e-001	3.836658e-005
2.400000000000001e-001	3.870999e-005
2.500000000000001e-001	3.901442e-005
2.600000000000001e-001	3.928680e-005
2.700000000000001e-001	3.953279e-005
2.800000000000001e-001	3.975700e-005
2.900000000000001e-001	3.996316e-005
3.000000000000001e-001	4.015427e-005
3.100000000000001e-001	4.033277e-005
3.200000000000001e-001	4.050063e-005
3.300000000000001e-001	4.065944e-005
3.400000000000001e-001	4.081054e-005
3.500000000000001e-001	4.095500e-005
3.600000000000002e-001	4.109373e-005
3.700000000000002e-001	4.122747e-005
3.800000000000002e-001	4.135685e-005
3.900000000000002e-001	4.148240e-005
4.000000000000002e-001	4.160458e-005
4.100000000000002e-001	4.172375e-005
4.200000000000002e-001	4.184026e-005
4.300000000000002e-001	4.195439e-005
4.400000000000002e-001	4.206637e-005
4.500000000000002e-001	4.217643e-005
4.600000000000002e-001	4.228475e-005
4.700000000000003e-001	4.239149e-005
4.800000000000003e-001	4.249681e-005
4.900000000000003e-001	4.260080e-005
5.000000000000002e-001	4.270361e-005
5.100000000000002e-001	4.280533e-005
5.200000000000002e-001	4.290603e-005
5.300000000000003e-001	4.300582e-005
5.400000000000003e-001	4.310475e-005
5.500000000000003e-001	4.320289e-005
5.600000000000003e-001	4.330030e-005
5.700000000000003e-001	4.339703e-005
5.800000000000003e-001	4.349313e-005
5.900000000000003e-001	4.358864e-005
6.000000000000003e-001	4.368361e-005
6.100000000000003e-001	4.377807e-005
6.200000000000003e-001	4.387205e-005
6.300000000000003e-001	4.396558e-005
6.400000000000004e-001	4.405869e-005
6.500000000000004e-001	4.415140e-005
6.600000000000004e-001	4.424375e-005
6.700000000000004e-001	4.433575e-005
6.800000000000004e-001	4.442741e-005
6.900000000000004e-001	4.451877e-005
7.000000000000004e-001	4.460983e-005
7.100000000000004e-001	4.470062e-005
7.200000000000004e-001	4.479115e-005
7.300000000000004e-001	4.488143e-005
7.400000000000004e-001	4.497147e-005
7.500000000000004e-001	4.506129e-005
7.600000000000005e-001	4.515090e-005
7.700000000000005e-001	4.524031e-005
7.800000000000005e-001	4.532952e-005
7.900000000000005e-001	4.541856e-005
8.000000000000005e-001	4.550742e-005
8.100000000000005e-001	4.559611e-005
8.200000000000005e-001	4.568465e-005
8.300000000000005e-001	4.577304e-005
8.400000000000005e-001	4.586128e-005
8.500000000000005e-001	4.594939e-005
8.600000000000005e-001	4.603736e-005
8.700000000000006e-001	4.612522e-005
8.800000000000006e-001	4.621295e-005
8.900000000000006e-001	4.630056e-005
9.000000000000006e-001	4.638807e-005
9.100000000000006e-001	4.647547e-005
9.200000000000006e-001	4.656277e-005
9.300000000000006e-001	4.664997e-005
9.400000000000006e-001	4.673708e-005
9.500000000000006e-001	4.682411e-005
9.600000000000006e-001	4.691104e-005
9.700000000000006e-001	4.699789e-005
9.800000000000007e-001	4.708467e-005
9.900000000000007e-001	4.717136e-005
1.000000000000001e+000	4.725799e-005
1.010000000000001e+000	4.734455e-005
1.020000000000001e+000	4.743103e-005
1.030000000000001e+000	4.751746e-005
1.040000000000001e+000	4.760382e-005
1.050000000000001e+000	4.769012e-005
1.060000000000001e+000	4.777636e-005
1.070000000000001e+000	4.786256e-005
1.080000000000001e+000	4.794869e-005
1.090000000000001e+000	4.803478e-005
1.100000000000000e+000	4.812082e-005
Step Information: X=600m  (Run: 13/21)
0.000000000000000e+000	-5.491800e-011
1.000000000000000e-002	3.667508e-006
2.000000000000000e-002	7.163248e-006
3.000000000000000e-002	1.049058e-005
4.000000000000000e-002	1.365294e-005
5.000000000000000e-002	1.665367e-005
6.000000000000001e-002	1.949599e-005
7.000000000000001e-002	2.218295e-005
8.000000000000000e-002	2.471739e-005
9.000000000000000e-002	2.710193e-005
9.999999999999999e-002	2.933897e-005
1.100000000000000e-001	3.143066e-005
1.200000000000000e-001	3.337896e-005
1.300000000000000e-001	3.518565e-005
1.400000000000000e-001	3.685248e-005
1.500000000000000e-001	3.838127e-005
1.600000000000000e-001	3.977422e-005
1.700000000000000e-001	4.103422e-005
1.800000000000000e-001	4.216525e-005
1.900000000000000e-001	4.317274e-005
2.000000000000000e-001	4.406384e-005
2.100000000000001e-001	4.484742e-005
2.200000000000001e-001	4.553372e-005
2.300000000000001e-001	4.613388e-005
2.400000000000001e-001	4.665915e-005
2.500000000000001e-001	4.712037e-005
2.600000000000001e-001	4.752745e-005
2.700000000000001e-001	4.788912e-005
2.800000000000001e-001	4.821290e-005
2.900000000000001e-001	4.850507e-005
3.000000000000001e-001	4.877087e-005
3.100000000000001e-001	4.901462e-005
3.200000000000001e-001	4.923983e-005
3.300000000000001e-001	4.944940e-005
3.400000000000001e-001	4.964571e-005
3.500000000000001e-001	4.983071e-005
3.600000000000002e-001	5.000600e-005
3.700000000000002e-001	5.017292e-005
3.800000000000002e-001	5.033259e-005
3.900000000000002e-001	5.048594e-005
4.000000000000002e-001	5.063375e-005
4.100000000000002e-001	5.077669e-005
4.200000000000002e-001	5.091532e-005
4.300000000000002e-001	5.105012e-005
4.400000000000002e-001	5.118152e-005
4.500000000000002e-001	5.130986e-005
4.600000000000002e-001	5.143546e-005
4.700000000000003e-001	5.155859e-005
4.800000000000003e-001	5.167948e-005
4.900000000000003e-001	5.179835e-005
5.000000000000002e-001	5.191537e-005
5.100000000000002e-001	5.203071e-005
5.200000000000002e-001	5.214451e-005
5.300000000000003e-001	5.225690e-005
5.400000000000003e-001	5.236798e-005
5.500000000000003e-001	5.247787e-005
5.600000000000003e-001	5.258665e-005
5.700000000000003e-001	5.269441e-005
5.800000000000003e-001	5.280122e-005
5.900000000000003e-001	5.290714e-005
6.000000000000003e-001	5.301225e-005
6.100000000000003e-001	5.311659e-005
6.200000000000003e-001	5.322022e-005
6.300000000000003e-001	5.332317e-005
6.400000000000004e-001	5.342551e-005
6.500000000000004e-001	5.352725e-005
6.600000000000004e-001	5.362844e-005
6.700000000000004e-001	5.372911e-005
6.800000000000004e-001	5.382930e-005
6.900000000000004e-001	5.392902e-005
7.000000000000004e-001	5.402830e-005
7.100000000000004e-001	5.412717e-005
7.200000000000004e-001	5.422566e-005
7.300000000000004e-001	5.432377e-005
7.400000000000004e-001	5.442154e-005
7.500000000000004e-001	5.451897e-005
7.600000000000005e-001	5.461608e-005
7.700000000000005e-001	5.471290e-005
7.800000000000005e-001	5.480943e-005
7.900000000000005e-001	5.490569e-005
8.000000000000005e-001	5.500168e-005
8.100000000000005e-001	5.509743e-005
8.200000000000005e-001	5.519294e-005
8.300000000000005e-001	5.528823e-005
8.400000000000005e-001	5.538329e-005
8.500000000000005e-001	5.547815e-005
8.600000000000005e-001	5.557282e-005
8.700000000000006e-001	5.566729e-005
8.800000000000006e-001	5.576158e-005
8.900000000000006e-001	5.585569e-005
9.000000000000006e-001	5.594964e-005
9.100000000000006e-001	5.604342e-005
9.200000000000006e-001	5.613704e-005
9.300000000000006e-001	5.623052e-005
9.400000000000006e-001	5.632385e-005
9.500000000000006e-001	5.641705e-005
9.600000000000006e-001	5.651011e-005
9.700000000000006e-001	5.660304e-005
9.800000000000007e-001	5.669584e-005
9.900000000000007e-001	5.678853e-005
1.000000000000001e+000	5.688110e-005
1.010000000000001e+000	5.697356e-005
1.020000000000001e+000	5.706591e-005
1.030000000000001e+000	5.715815e-005
1.040000000000001e+000	5.725030e-005
1.050000000000001e+000	5.734235e-005
1.060000000000001e+000	5.743430e-005
1.070000000000001e+000	5.752616e-005
1.080000000000001e+000	5.761793e-005
1.090000000000001e+000	5.770962e-005
1.100000000000000e+000	5.780122e-005
Step Information: X=650m  (Run: 14/21)
0.000000000000000e+000	-8.470031e-011
1.000000000000000e-002	3.942726e-006
2.000000000000000e-002	7.721210e-006
3.000000000000000e-002	1.133834e-005
4.000000000000000e-002	1.479710e-005
5.000000000000000e-002	1.810040e-005
6.000000000000001e-002	2.125105e-005
7.000000000000001e-002	2.425171e-005
8.000000000000000e-002	2.710491e-005
9.000000000000000e-002	2.981295e-005
9.999999999999999e-002	3.237797e-005
1.100000000000000e-001	3.480186e-005
1.200000000000000e-001	3.708630e-005
1.300000000000000e-001	3.923273e-005
1.400000000000000e-001	4.124240e-005
1.500000000000000e-001	4.311639e-005
1.600000000000000e-001	4.485570e-005
1.700000000000000e-001	4.646144e-005
1.800000000000000e-001	4.793499e-005
1.900000000000000e-001	4.927837e-005
2.000000000000000e-001	5.049453e-005
2.100000000000001e-001	5.158777e-005
2.200000000000001e-001	5.256397e-005
2.300000000000001e-001	5.343067e-005
2.400000000000001e-001	5.419688e-005
2.500000000000001e-001	5.487266e-005
2.600000000000001e-001	5.546853e-005
2.700000000000001e-001	5.599491e-005
2.800000000000001e-001	5.646161e-005
2.900000000000001e-001	5.687754e-005
3.000000000000001e-001	5.725051e-005
3.100000000000001e-001	5.758724e-005
3.200000000000001e-001	5.789345e-005
3.300000000000001e-001	5.817388e-005
3.400000000000001e-001	5.843251e-005
3.500000000000001e-001	5.867262e-005
3.600000000000002e-001	5.889694e-005
3.700000000000002e-001	5.910773e-005
3.800000000000002e-001	5.930687e-005
3.900000000000002e-001	5.949592e-005
4.000000000000002e-001	5.967622e-005
4.100000000000002e-001	5.984887e-005
4.200000000000002e-001	6.001479e-005
4.300000000000002e-001	6.017480e-005
4.400000000000002e-001	6.032956e-005
4.500000000000002e-001	6.047966e-005
4.600000000000002e-001	6.062559e-005
4.700000000000003e-001	6.076780e-005
4.800000000000003e-001	6.090665e-005
4.900000000000003e-001	6.104248e-005
5.000000000000002e-001	6.117557e-005
5.100000000000002e-001	6.130617e-005
5.200000000000002e-001	6.143451e-005
5.300000000000003e-001	6.156078e-005
5.400000000000003e-001	6.168515e-005
5.500000000000003e-001	6.180780e-005
5.600000000000003e-001	6.192883e-005
5.700000000000003e-001	6.204840e-005
5.800000000000003e-001	6.216660e-005
5.900000000000003e-001	6.228354e-005
6.000000000000003e-001	6.239930e-005
6.100000000000003e-001	6.251398e-005
6.200000000000003e-001	6.262764e-005
6.300000000000003e-001	6.274035e-005
6.400000000000004e-001	6.285218e-005
6.500000000000004e-001	6.296318e-005
6.600000000000004e-001	6.307340e-005
6.700000000000004e-001	6.318290e-005
6.800000000000004e-001	6.329170e-005
6.900000000000004e-001	6.339986e-005
7.000000000000004e-001	6.350741e-005
7.100000000000004e-001	6.361439e-005
7.200000000000004e-001	6.372082e-005
7.300000000000004e-001	6.382674e-005
7.400000000000004e-001	6.393217e-005
7.500000000000004e-001	6.403713e-005
7.600000000000005e-001	6.414166e-005
7.700000000000005e-001	6.424577e-005
7.800000000000005e-001	6.434948e-005
7.900000000000005e-001	6.445282e-005
8.000000000000005e-001	6.455579e-005
8.100000000000005e-001	6.465842e-005
8.200000000000005e-001	6.476072e-005
8.300000000000005e-001	6.486270e-005
8.400000000000005e-001	6.496439e-005
8.500000000000005e-001	6.506579e-005
8.600000000000005e-001	6.516691e-005
8.700000000000006e-001	6.526777e-005
8.800000000000006e-001	6.536837e-005
8.900000000000006e-001	6.546873e-005
9.000000000000006e-001	6.556886e-005
9.100000000000006e-001	6.566876e-005
9.200000000000006e-001	6.576845e-005
9.300000000000006e-001	6.586792e-005
9.400000000000006e-001	6.596720e-005
9.500000000000006e-001	6.606628e-005
9.600000000000006e-001	6.616517e-005
9.700000000000006e-001	6.626388e-005
9.800000000000007e-001	6.636242e-005
9.900000000000007e-001	6.646079e-005
1.000000000000001e+000	6.655901e-005
1.010000000000001e+000	6.665706e-005
1.020000000000001e+000	6.675495e-005
1.030000000000001e+000	6.685271e-005
1.040000000000001e+000	6.695031e-005
1.050000000000001e+000	6.704778e-005
1.060000000000001e+000	6.714512e-005
1.070000000000001e+000	6.724233e-005
1.080000000000001e+000	6.733940e-005
1.090000000000001e+000	6.743636e-005
1.100000000000000e+000	6.753320e-005
Step Information: X=700m  (Run: 15/21)
0.000000000000000e+000	-1.263940e-010
1.000000000000000e-002	4.176662e-006
2.000000000000000e-002	8.196669e-006
3.000000000000000e-002	1.206251e-005
4.000000000000000e-002	1.577679e-005
5.000000000000000e-002	1.934206e-005
6.000000000000001e-002	2.276081e-005
7.000000000000001e-002	2.603538e-005
8.000000000000000e-002	2.916803e-005
9.000000000000000e-002	3.216082e-005
9.999999999999999e-002	3.501568e-005
1.100000000000000e-001	3.773434e-005
1.200000000000000e-001	4.031835e-005
1.300000000000000e-001	4.276901e-005
1.400000000000000e-001	4.508745e-005
1.500000000000000e-001	4.727453e-005
1.600000000000000e-001	4.933094e-005
1.700000000000000e-001	5.125720e-005
1.800000000000000e-001	5.305375e-005
1.900000000000000e-001	5.472110e-005
2.000000000000000e-001	5.626003e-005
2.100000000000001e-001	5.767186e-005
2.200000000000001e-001	5.895877e-005
2.300000000000001e-001	6.012418e-005
2.400000000000001e-001	6.117293e-005
2.500000000000001e-001	6.211148e-005
2.600000000000001e-001	6.294774e-005
2.700000000000001e-001	6.369079e-005
2.800000000000001e-001	6.435037e-005
2.900000000000001e-001	6.493636e-005
3.000000000000001e-001	6.545831e-005
3.100000000000001e-001	6.592507e-005
3.200000000000001e-001	6.634460e-005
3.300000000000001e-001	6.672389e-005
3.400000000000001e-001	6.706893e-005
3.500000000000001e-001	6.738484e-005
3.600000000000002e-001	6.767593e-005
3.700000000000002e-001	6.794582e-005
3.800000000000002e-001	6.819752e-005
3.900000000000002e-001	6.843358e-005
4.000000000000002e-001	6.865613e-005
4.100000000000002e-001	6.886694e-005
4.200000000000002e-001	6.906752e-005
4.300000000000002e-001	6.925914e-005
4.400000000000002e-001	6.944289e-005
4.500000000000002e-001	6.961967e-005
4.600000000000002e-001	6.979029e-005
4.700000000000003e-001	6.995541e-005
4.800000000000003e-001	7.011562e-005
4.900000000000003e-001	7.027142e-005
5.000000000000002e-001	7.042327e-005
5.100000000000002e-001	7.057152e-005
5.200000000000002e-001	7.071654e-005
5.300000000000003e-001	7.085861e-005
5.400000000000003e-001	7.099799e-005
5.500000000000003e-001	7.113492e-005
5.600000000000003e-001	7.126960e-005
5.700000000000003e-001	7.140221e-005
5.800000000000003e-001	7.153292e-005
5.900000000000003e-001	7.166187e-005
6.000000000000003e-001	7.178921e-005
6.100000000000003e-001	7.191504e-005
6.200000000000003e-001	7.203947e-005
6.300000000000003e-001	7.216261e-005
6.400000000000004e-001	7.228454e-005
6.500000000000004e-001	7.240532e-005
6.600000000000004e-001	7.252506e-005
6.700000000000004e-001	7.264381e-005
6.800000000000004e-001	7.276163e-005
6.900000000000004e-001	7.287857e-005
7.000000000000004e-001	7.299469e-005
7.100000000000004e-001	7.311004e-005
7.200000000000004e-001	7.322466e-005
7.300000000000004e-001	7.333859e-005
7.400000000000004e-001	7.345186e-005
7.500000000000004e-001	7.356452e-005
7.600000000000005e-001	7.367659e-005
7.700000000000005e-001	7.378811e-005
7.800000000000005e-001	7.389909e-005
7.900000000000005e-001	7.400958e-005
8.000000000000005e-001	7.411958e-005
8.100000000000005e-001	7.422913e-005
8.200000000000005e-001	7.433824e-005
8.300000000000005e-001	7.444694e-005
8.400000000000005e-001	7.455524e-005
8.500000000000005e-001	7.466316e-005
8.600000000000005e-001	7.477072e-005
8.700000000000006e-001	7.487792e-005
8.800000000000006e-001	7.498480e-005
8.900000000000006e-001	7.509135e-005
9.000000000000006e-001	7.519759e-005
9.100000000000006e-001	7.530353e-005
9.200000000000006e-001	7.540920e-005
9.300000000000006e-001	7.551458e-005
9.400000000000006e-001	7.561970e-005
9.500000000000006e-001	7.572457e-005
9.600000000000006e-001	7.582919e-005
9.700000000000006e-001	7.593357e-005
9.800000000000007e-001	7.603772e-005
9.900000000000007e-001	7.614165e-005
1.000000000000001e+000	7.624537e-005
1.010000000000001e+000	7.634888e-005
1.020000000000001e+000	7.645219e-005
1.030000000000001e+000	7.655530e-005
1.040000000000001e+000	7.665823e-005
1.050000000000001e+000	7.676097e-005
1.060000000000001e+000	7.686354e-005
1.070000000000001e+000	7.696594e-005
1.080000000000001e+000	7.706817e-005
1.090000000000001e+000	7.717024e-005
1.100000000000000e+000	7.727215e-005
Step Information: X=750m  (Run: 16/21)
0.000000000000000e+000	-1.838604e-010
1.000000000000000e-002	4.377135e-006
2.000000000000000e-002	8.604997e-006
3.000000000000000e-002	1.268571e-005
4.000000000000000e-002	1.662158e-005
5.000000000000000e-002	2.041487e-005
6.000000000000001e-002	2.406776e-005
7.000000000000001e-002	2.758236e-005
8.000000000000000e-002	3.096067e-005
9.000000000000000e-002	3.420459e-005
9.999999999999999e-002	3.731584e-005
1.100000000000000e-001	4.029605e-005
1.200000000000000e-001	4.314664e-005
1.300000000000000e-001	4.586888e-005
1.400000000000000e-001	4.846383e-005
1.500000000000000e-001	5.093235e-005
1.600000000000000e-001	5.327507e-005
1.700000000000000e-001	5.549243e-005
1.800000000000000e-001	5.758466e-005
1.900000000000000e-001	5.955182e-005
2.000000000000000e-001	6.139393e-005
2.100000000000001e-001	6.311103e-005
2.200000000000001e-001	6.470342e-005
2.300000000000001e-001	6.617190e-005
2.400000000000001e-001	6.751802e-005
2.500000000000001e-001	6.874450e-005
2.600000000000001e-001	6.985537e-005
2.700000000000001e-001	7.085619e-005
2.800000000000001e-001	7.175392e-005
2.900000000000001e-001	7.255677e-005
3.000000000000001e-001	7.327369e-005
3.100000000000001e-001	7.391399e-005
3.200000000000001e-001	7.448687e-005
3.300000000000001e-001	7.500099e-005
3.400000000000001e-001	7.546430e-005
3.500000000000001e-001	7.588392e-005
3.600000000000002e-001	7.626606e-005
3.700000000000002e-001	7.661606e-005
3.800000000000002e-001	7.693849e-005
3.900000000000002e-001	7.723725e-005
4.000000000000002e-001	7.751561e-005
4.100000000000002e-001	7.777634e-005
4.200000000000002e-001	7.802177e-005
4.300000000000002e-001	7.825389e-005
4.400000000000002e-001	7.847438e-005
4.500000000000002e-001	7.868463e-005
4.600000000000002e-001	7.888588e-005
4.700000000000003e-001	7.907916e-005
4.800000000000003e-001	7.926536e-005
4.900000000000003e-001	7.944525e-005
5.000000000000002e-001	7.961949e-005
5.100000000000002e-001	7.978866e-005
5.200000000000002e-001	7.995326e-005
5.300000000000003e-001	8.011372e-005
5.400000000000003e-001	8.027045e-005
5.500000000000003e-001	8.042376e-005
5.600000000000003e-001	8.057398e-005
5.700000000000003e-001	8.072134e-005
5.800000000000003e-001	8.086611e-005
5.900000000000003e-001	8.100849e-005
6.000000000000003e-001	8.114867e-005
6.100000000000003e-001	8.128680e-005
6.200000000000003e-001	8.142306e-005
6.300000000000003e-001	8.155757e-005
6.400000000000004e-001	8.169046e-005
6.500000000000004e-001	8.182184e-005
6.600000000000004e-001	8.195182e-005
6.700000000000004e-001	8.208048e-005
6.800000000000004e-001	8.220791e-005
6.900000000000004e-001	8.233419e-005
7.000000000000004e-001	8.245939e-005
7.100000000000004e-001	8.258357e-005
7.200000000000004e-001	8.270679e-005
7.300000000000004e-001	8.282912e-005
7.400000000000004e-001	8.295059e-005
7.500000000000004e-001	8.307125e-005
7.600000000000005e-001	8.319116e-005
7.700000000000005e-001	8.331034e-005
7.800000000000005e-001	8.342884e-005
7.900000000000005e-001	8.354669e-005
8.000000000000005e-001	8.366392e-005
8.100000000000005e-001	8.378056e-005
8.200000000000005e-001	8.389664e-005
8.300000000000005e-001	8.401219e-005
8.400000000000005e-001	8.412723e-005
8.500000000000005e-001	8.424178e-005
8.600000000000005e-001	8.435587e-005
8.700000000000006e-001	8.446950e-005
8.800000000000006e-001	8.458272e-005
8.900000000000006e-001	8.469552e-005
9.000000000000006e-001	8.480792e-005
9.100000000000006e-001	8.491995e-005
9.200000000000006e-001	8.503162e-005
9.300000000000006e-001	8.514294e-005
9.400000000000006e-001	8.525392e-005
9.500000000000006e-001	8.536458e-005
9.600000000000006e-001	8.547492e-005
9.700000000000006e-001	8.558496e-005
9.800000000000007e-001	8.569472e-005
9.900000000000007e-001	8.580418e-005
1.000000000000001e+000	8.591339e-005
1.010000000000001e+000	8.602232e-005
1.020000000000001e+000	8.613100e-005
1.030000000000001e+000	8.623944e-005
1.040000000000001e+000	8.634764e-005
1.050000000000001e+000	8.645561e-005
1.060000000000001e+000	8.656336e-005
1.070000000000001e+000	8.667089e-005
1.080000000000001e+000	8.677820e-005
1.090000000000001e+000	8.688532e-005
1.100000000000000e+000	8.699223e-005
Step Information: X=800m  (Run: 17/21)
0.000000000000000e+000	-2.620500e-010
1.000000000000000e-002	4.550229e-006
2.000000000000000e-002	8.958232e-006
3.000000000000000e-002	1.322580e-005
4.000000000000000e-002	1.735499e-005
5.000000000000000e-002	2.134781e-005
6.000000000000001e-002	2.520620e-005
7.000000000000001e-002	2.893206e-005
8.000000000000000e-002	3.252719e-005
9.000000000000000e-002	3.599330e-005
9.999999999999999e-002	3.933199e-005
1.100000000000000e-001	4.254474e-005
1.200000000000000e-001	4.563290e-005
1.300000000000000e-001	4.859769e-005
1.400000000000000e-001	5.144014e-005
1.500000000000000e-001	5.416112e-005
1.600000000000000e-001	5.676132e-005
1.700000000000000e-001	5.924121e-005
1.800000000000000e-001	6.160107e-005
1.900000000000000e-001	6.384094e-005
2.000000000000000e-001	6.596070e-005
2.100000000000001e-001	6.796008e-005
2.200000000000001e-001	6.983872e-005
2.300000000000001e-001	7.159630e-005
2.400000000000001e-001	7.323275e-005
2.500000000000001e-001	7.474844e-005
2.600000000000001e-001	7.614449e-005
2.700000000000001e-001	7.742300e-005
2.800000000000001e-001	7.858736e-005
2.900000000000001e-001	7.964238e-005
3.000000000000001e-001	8.059422e-005
3.100000000000001e-001	8.145029e-005
3.200000000000001e-001	8.221884e-005
3.300000000000001e-001	8.290859e-005
3.400000000000001e-001	8.352830e-005
3.500000000000001e-001	8.408641e-005
3.600000000000002e-001	8.459077e-005
3.700000000000002e-001	8.504849e-005
3.800000000000002e-001	8.546591e-005
3.900000000000002e-001	8.584853e-005
4.000000000000002e-001	8.620112e-005
4.100000000000002e-001	8.652778e-005
4.200000000000002e-001	8.683198e-005
4.300000000000002e-001	8.711670e-005
4.400000000000002e-001	8.738445e-005
4.500000000000002e-001	8.763739e-005
4.600000000000002e-001	8.787734e-005
4.700000000000003e-001	8.810586e-005
4.800000000000003e-001	8.832428e-005
4.900000000000003e-001	8.853375e-005
5.000000000000002e-001	8.873527e-005
5.100000000000002e-001	8.892966e-005
5.200000000000002e-001	8.911770e-005
5.300000000000003e-001	8.930001e-005
5.400000000000003e-001	8.947715e-005
5.500000000000003e-001	8.964962e-005
5.600000000000003e-001	8.981786e-005
5.700000000000003e-001	8.998223e-005
5.800000000000003e-001	9.014308e-005
5.900000000000003e-001	9.030071e-005
6.000000000000003e-001	9.045539e-005
6.100000000000003e-001	9.060735e-005
6.200000000000003e-001	9.075680e-005
6.300000000000003e-001	9.090394e-005
6.400000000000004e-001	9.104895e-005
6.500000000000004e-001	9.119197e-005
6.600000000000004e-001	9.133315e-005
6.700000000000004e-001	9.147260e-005
6.800000000000004e-001	9.161046e-005
6.900000000000004e-001	9.174681e-005
7.000000000000004e-001	9.188178e-005
7.100000000000004e-001	9.201542e-005
7.200000000000004e-001	9.214783e-005
7.300000000000004e-001	9.227908e-005
7.400000000000004e-001	9.240924e-005
7.500000000000004e-001	9.253836e-005
7.600000000000005e-001	9.266652e-005
7.700000000000005e-001	9.279377e-005
7.800000000000005e-001	9.292013e-005
7.900000000000005e-001	9.304567e-005
8.000000000000005e-001	9.317043e-005
8.100000000000005e-001	9.329445e-005
8.200000000000005e-001	9.341776e-005
8.300000000000005e-001	9.354040e-005
8.400000000000005e-001	9.366239e-005
8.500000000000005e-001	9.378378e-005
8.600000000000005e-001	9.390457e-005
8.700000000000006e-001	9.402481e-005
8.800000000000006e-001	9.414451e-005
8.900000000000006e-001	9.426371e-005
9.000000000000006e-001	9.438241e-005
9.100000000000006e-001	9.450064e-005
9.200000000000006e-001	9.461842e-005
9.300000000000006e-001	9.473576e-005
9.400000000000006e-001	9.485269e-005
9.500000000000006e-001	9.496921e-005
9.600000000000006e-001	9.508535e-005
9.700000000000006e-001	9.520111e-005
9.800000000000007e-001	9.531651e-005
9.900000000000007e-001	9.543158e-005
1.000000000000001e+000	9.554630e-005
1.010000000000001e+000	9.566070e-005
1.020000000000001e+000	9.577478e-005
1.030000000000001e+000	9.588856e-005
1.040000000000001e+000	9.600205e-005
1.050000000000001e+000	9.611525e-005
1.060000000000001e+000	9.622818e-005
1.070000000000001e+000	9.634085e-005
1.080000000000001e+000	9.645325e-005
1.090000000000001e+000	9.656540e-005
1.100000000000000e+000	9.667731e-005
Step Information: X=850m  (Run: 18/21)
0.000000000000000e+000	-3.672748e-010
1.000000000000000e-002	4.700679e-006
2.000000000000000e-002	9.265798e-006
3.000000000000000e-002	1.369683e-005
4.000000000000000e-002	1.799562e-005
5.000000000000000e-002	2.216395e-005
6.000000000000001e-002	2.620358e-005
7.000000000000001e-002	3.011621e-005
8.000000000000000e-002	3.390347e-005
9.000000000000000e-002	3.756691e-005
9.999999999999999e-002	4.110801e-005
1.100000000000000e-001	4.452813e-005
1.200000000000000e-001	4.782854e-005
1.300000000000000e-001	5.101040e-005
1.400000000000000e-001	5.407472e-005
1.500000000000000e-001	5.702240e-005
1.600000000000000e-001	5.985414e-005
1.700000000000000e-001	6.257049e-005
1.800000000000000e-001	6.517183e-005
1.900000000000000e-001	6.765832e-005
2.000000000000000e-001	7.002992e-005
2.100000000000001e-001	7.228639e-005
2.200000000000001e-001	7.442732e-005
2.300000000000001e-001	7.645213e-005
2.400000000000001e-001	7.836021e-005
2.500000000000001e-001	8.015094e-005
2.600000000000001e-001	8.182396e-005
2.700000000000001e-001	8.337931e-005
2.800000000000001e-001	8.481772e-005
2.900000000000001e-001	8.614084e-005
3.000000000000001e-001	8.735153e-005
3.100000000000001e-001	8.845395e-005
3.200000000000001e-001	8.945361e-005
3.300000000000001e-001	9.035719e-005
3.400000000000001e-001	9.117229e-005
3.500000000000001e-001	9.190708e-005
3.600000000000002e-001	9.256987e-005
3.700000000000002e-001	9.316880e-005
3.800000000000002e-001	9.371155e-005
3.900000000000002e-001	9.420520e-005
4.000000000000002e-001	9.465609e-005
4.100000000000002e-001	9.506984e-005
4.200000000000002e-001	9.545137e-005
4.300000000000002e-001	9.580490e-005
4.400000000000002e-001	9.613410e-005
4.500000000000002e-001	9.644209e-005
4.600000000000002e-001	9.673156e-005
4.700000000000003e-001	9.700480e-005
4.800000000000003e-001	9.726376e-005
4.900000000000003e-001	9.751015e-005
5.000000000000002e-001	9.774540e-005
5.100000000000002e-001	9.797075e-005
5.200000000000002e-001	9.818729e-005
5.300000000000003e-001	9.839595e-005
5.400000000000003e-001	9.859753e-005
5.500000000000003e-001	9.879276e-005
5.600000000000003e-001	9.898224e-005
5.700000000000003e-001	9.916651e-005
5.800000000000003e-001	9.934606e-005
5.900000000000003e-001	9.952130e-005
6.000000000000003e-001	9.969262e-005
6.100000000000003e-001	9.986034e-005
6.200000000000003e-001	1.000248e-004
6.300000000000003e-001	1.001861e-004
6.400000000000004e-001	1.003447e-004
6.500000000000004e-001	1.005007e-004
6.600000000000004e-001	1.006543e-004
6.700000000000004e-001	1.008057e-004
6.800000000000004e-001	1.009550e-004
6.900000000000004e-001	1.011024e-004
7.000000000000004e-001	1.012480e-004
7.100000000000004e-001	1.013919e-004
7.200000000000004e-001	1.015342e-004
7.300000000000004e-001	1.016751e-004
7.400000000000004e-001	1.018146e-004
7.500000000000004e-001	1.019527e-004
7.600000000000005e-001	1.020897e-004
7.700000000000005e-001	1.022255e-004
7.800000000000005e-001	1.023602e-004
7.900000000000005e-001	1.024939e-004
8.000000000000005e-001	1.026266e-004
8.100000000000005e-001	1.027583e-004
8.200000000000005e-001	1.028892e-004
8.300000000000005e-001	1.030193e-004
8.400000000000005e-001	1.031485e-004
8.500000000000005e-001	1.032770e-004
8.600000000000005e-001	1.034048e-004
8.700000000000006e-001	1.035318e-004
8.800000000000006e-001	1.036583e-004
8.900000000000006e-001	1.037841e-004
9.000000000000006e-001	1.039093e-004
9.100000000000006e-001	1.040339e-004
9.200000000000006e-001	1.041579e-004
9.300000000000006e-001	1.042814e-004
9.400000000000006e-001	1.044045e-004
9.500000000000006e-001	1.045270e-004
9.600000000000006e-001	1.046490e-004
9.700000000000006e-001	1.047706e-004
9.800000000000007e-001	1.048918e-004
9.900000000000007e-001	1.050125e-004
1.000000000000001e+000	1.051329e-004
1.010000000000001e+000	1.052528e-004
1.020000000000001e+000	1.053724e-004
1.030000000000001e+000	1.054916e-004
1.040000000000001e+000	1.056104e-004
1.050000000000001e+000	1.057289e-004
1.060000000000001e+000	1.058471e-004
1.070000000000001e+000	1.059649e-004
1.080000000000001e+000	1.060824e-004
1.090000000000001e+000	1.061997e-004
1.100000000000000e+000	1.063166e-004
Step Information: X=900m  (Run: 19/21)
0.000000000000000e+000	-5.075403e-010
1.000000000000000e-002	4.832204e-006
2.000000000000000e-002	9.535132e-006
3.000000000000000e-002	1.410993e-005
4.000000000000000e-002	1.855826e-005
5.000000000000000e-002	2.288173e-005
6.000000000000001e-002	2.708192e-005
7.000000000000001e-002	3.116037e-005
8.000000000000000e-002	3.511856e-005
9.000000000000000e-002	3.895790e-005
9.999999999999999e-002	4.267976e-005
1.100000000000000e-001	4.628539e-005
1.200000000000000e-001	4.977599e-005
1.300000000000000e-001	5.315265e-005
1.400000000000000e-001	5.641636e-005
1.500000000000000e-001	5.956799e-005
1.600000000000000e-001	6.260829e-005
1.700000000000000e-001	6.553788e-005
1.800000000000000e-001	6.835720e-005
1.900000000000000e-001	7.106653e-005
2.000000000000000e-001	7.366599e-005
2.100000000000001e-001	7.615547e-005
2.200000000000001e-001	7.853470e-005
2.300000000000001e-001	8.080319e-005
2.400000000000001e-001	8.296029e-005
2.500000000000001e-001	8.500520e-005
2.600000000000001e-001	8.693706e-005
2.700000000000001e-001	8.875507e-005
2.800000000000001e-001	9.045860e-005
2.900000000000001e-001	9.204745e-005
3.000000000000001e-001	9.352202e-005
3.100000000000001e-001	9.488362e-005
3.200000000000001e-001	9.613465e-005
3.300000000000001e-001	9.727875e-005
3.400000000000001e-001	9.832082e-005
3.500000000000001e-001	9.926694e-005
3.600000000000002e-001	1.001241e-004
3.700000000000002e-001	1.009000e-004
3.800000000000002e-001	1.016024e-004
3.900000000000002e-001	1.022392e-004
4.000000000000002e-001	1.028179e-004
4.100000000000002e-001	1.033453e-004
4.200000000000002e-001	1.038280e-004
4.300000000000002e-001	1.042714e-004
4.400000000000002e-001	1.046806e-004
4.500000000000002e-001	1.050600e-004
4.600000000000002e-001	1.054133e-004
4.700000000000003e-001	1.057439e-004
4.800000000000003e-001	1.060544e-004
4.900000000000003e-001	1.063474e-004
5.000000000000002e-001	1.066249e-004
5.100000000000002e-001	1.068888e-004
5.200000000000002e-001	1.071405e-004
5.300000000000003e-001	1.073814e-004
5.400000000000003e-001	1.076127e-004
5.500000000000003e-001	1.078353e-004
5.600000000000003e-001	1.080502e-004
5.700000000000003e-001	1.082581e-004
5.800000000000003e-001	1.084597e-004
5.900000000000003e-001	1.086556e-004
6.000000000000003e-001	1.088463e-004
6.100000000000003e-001	1.090322e-004
6.200000000000003e-001	1.092138e-004
6.300000000000003e-001	1.093915e-004
6.400000000000004e-001	1.095655e-004
6.500000000000004e-001	1.097361e-004
6.600000000000004e-001	1.099037e-004
6.700000000000004e-001	1.100684e-004
6.800000000000004e-001	1.102305e-004
6.900000000000004e-001	1.103901e-004
7.000000000000004e-001	1.105474e-004
7.100000000000004e-001	1.107025e-004
7.200000000000004e-001	1.108557e-004
7.300000000000004e-001	1.110071e-004
7.400000000000004e-001	1.111567e-004
7.500000000000004e-001	1.113046e-004
7.600000000000005e-001	1.114510e-004
7.700000000000005e-001	1.115960e-004
7.800000000000005e-001	1.117396e-004
7.900000000000005e-001	1.118820e-004
8.000000000000005e-001	1.120231e-004
8.100000000000005e-001	1.121631e-004
8.200000000000005e-001	1.123020e-004
8.300000000000005e-001	1.124398e-004
8.400000000000005e-001	1.125767e-004
8.500000000000005e-001	1.127127e-004
8.600000000000005e-001	1.128478e-004
8.700000000000006e-001	1.129820e-004
8.800000000000006e-001	1.131154e-004
8.900000000000006e-001	1.132481e-004
9.000000000000006e-001	1.133800e-004
9.100000000000006e-001	1.135112e-004
9.200000000000006e-001	1.136418e-004
9.300000000000006e-001	1.137717e-004
9.400000000000006e-001	1.139010e-004
9.500000000000006e-001	1.140297e-004
9.600000000000006e-001	1.141579e-004
9.700000000000006e-001	1.142855e-004
9.800000000000007e-001	1.144125e-004
9.900000000000007e-001	1.145391e-004
1.000000000000001e+000	1.146652e-004
1.010000000000001e+000	1.147908e-004
1.020000000000001e+000	1.149159e-004
1.030000000000001e+000	1.150406e-004
1.040000000000001e+000	1.151649e-004
1.050000000000001e+000	1.152888e-004
1.060000000000001e+000	1.154123e-004
1.070000000000001e+000	1.155354e-004
1.080000000000001e+000	1.156581e-004
1.090000000000001e+000	1.157805e-004
1.100000000000000e+000	1.159025e-004
Step Information: X=950m  (Run: 20/21)
0.000000000000000e+000	-6.929531e-010
1.000000000000000e-002	4.947758e-006
2.000000000000000e-002	9.772157e-006
3.000000000000000e-002	1.447400e-005
4.000000000000000e-002	1.905479e-005
5.000000000000000e-002	2.351598e-005
6.000000000000001e-002	2.785900e-005
7.000000000000001e-002	3.208526e-005
8.000000000000000e-002	3.619609e-005
9.000000000000000e-002	4.019279e-005
9.999999999999999e-002	4.407662e-005
1.100000000000000e-001	4.784874e-005
1.200000000000000e-001	5.151027e-005
1.300000000000000e-001	5.506224e-005
1.400000000000000e-001	5.850560e-005
1.500000000000000e-001	6.184122e-005
1.600000000000000e-001	6.506983e-005
1.700000000000000e-001	6.819210e-005
1.800000000000000e-001	7.120853e-005
1.900000000000000e-001	7.411951e-005
2.000000000000000e-001	7.692526e-005
2.100000000000001e-001	7.962585e-005
2.200000000000001e-001	8.222116e-005
2.300000000000001e-001	8.471090e-005
2.400000000000001e-001	8.709455e-005
2.500000000000001e-001	8.937146e-005
2.600000000000001e-001	9.154076e-005
2.700000000000001e-001	9.360148e-005
2.800000000000001e-001	9.555259e-005
2.900000000000001e-001	9.739309e-005
3.000000000000001e-001	9.912219e-005
3.100000000000001e-001	1.007395e-004
3.200000000000001e-001	1.022451e-004
3.300000000000001e-001	1.036400e-004
3.400000000000001e-001	1.049264e-004
3.500000000000001e-001	1.061072e-004
3.600000000000002e-001	1.071871e-004
3.700000000000002e-001	1.081714e-004
3.800000000000002e-001	1.090668e-004
3.900000000000002e-001	1.098802e-004
4.000000000000002e-001	1.106191e-004
4.100000000000002e-001	1.112911e-004
4.200000000000002e-001	1.119033e-004
4.300000000000002e-001	1.124626e-004
4.400000000000002e-001	1.129752e-004
4.500000000000002e-001	1.134469e-004
4.600000000000002e-001	1.138826e-004
4.700000000000003e-001	1.142868e-004
4.800000000000003e-001	1.146634e-004
4.900000000000003e-001	1.150158e-004
5.000000000000002e-001	1.153468e-004
5.100000000000002e-001	1.156590e-004
5.200000000000002e-001	1.159546e-004
5.300000000000003e-001	1.162355e-004
5.400000000000003e-001	1.165033e-004
5.500000000000003e-001	1.167594e-004
5.600000000000003e-001	1.170051e-004
5.700000000000003e-001	1.172415e-004
5.800000000000003e-001	1.174695e-004
5.900000000000003e-001	1.176899e-004
6.000000000000003e-001	1.179034e-004
6.100000000000003e-001	1.181107e-004
6.200000000000003e-001	1.183123e-004
6.300000000000003e-001	1.185087e-004
6.400000000000004e-001	1.187005e-004
6.500000000000004e-001	1.188879e-004
6.600000000000004e-001	1.190713e-004
6.700000000000004e-001	1.192511e-004
6.800000000000004e-001	1.194275e-004
6.900000000000004e-001	1.196008e-004
7.000000000000004e-001	1.197711e-004
7.100000000000004e-001	1.199388e-004
7.200000000000004e-001	1.201040e-004
7.300000000000004e-001	1.202668e-004
7.400000000000004e-001	1.204275e-004
7.500000000000004e-001	1.205862e-004
7.600000000000005e-001	1.207429e-004
7.700000000000005e-001	1.208978e-004
7.800000000000005e-001	1.210511e-004
7.900000000000005e-001	1.212027e-004
8.000000000000005e-001	1.213529e-004
8.100000000000005e-001	1.215017e-004
8.200000000000005e-001	1.216491e-004
8.300000000000005e-001	1.217953e-004
8.400000000000005e-001	1.219403e-004
8.500000000000005e-001	1.220842e-004
8.600000000000005e-001	1.222269e-004
8.700000000000006e-001	1.223687e-004
8.800000000000006e-001	1.225095e-004
8.900000000000006e-001	1.226494e-004
9.000000000000006e-001	1.227884e-004
9.100000000000006e-001	1.229265e-004
9.200000000000006e-001	1.230638e-004
9.300000000000006e-001	1.232004e-004
9.400000000000006e-001	1.233362e-004
9.500000000000006e-001	1.234713e-004
9.600000000000006e-001	1.236058e-004
9.700000000000006e-001	1.237396e-004
9.800000000000007e-001	1.238727e-004
9.900000000000007e-001	1.240053e-004
1.000000000000001e+000	1.241373e-004
1.010000000000001e+000	1.242687e-004
1.020000000000001e+000	1.243996e-004
1.030000000000001e+000	1.245300e-004
1.040000000000001e+000	1.246598e-004
1.050000000000001e+000	1.247892e-004
1.060000000000001e+000	1.249181e-004
1.070000000000001e+000	1.250466e-004
1.080000000000001e+000	1.251746e-004
1.090000000000001e+000	1.253022e-004
1.100000000000000e+000	1.254294e-004
Step Information: X=1  (Run: 21/21)
0.000000000000000e+000	-9.362146e-010
1.000000000000000e-002	5.049714e-006
2.000000000000000e-002	9.981652e-006
3.000000000000000e-002	1.479624e-005
4.000000000000000e-002	1.949484e-005
5.000000000000000e-002	2.407876e-005
6.000000000000001e-002	2.854933e-005
7.000000000000001e-002	3.290781e-005
8.000000000000000e-002	3.715543e-005
9.000000000000000e-002	4.129338e-005
9.999999999999999e-002	4.532282e-005
1.100000000000000e-001	4.924482e-005
1.200000000000000e-001	5.306043e-005
1.300000000000000e-001	5.677062e-005
1.400000000000000e-001	6.037630e-005
1.500000000000000e-001	6.387831e-005
1.600000000000000e-001	6.727739e-005
1.700000000000000e-001	7.057420e-005
1.800000000000000e-001	7.376929e-005
1.900000000000000e-001	7.686313e-005
2.000000000000000e-001	7.985602e-005
2.100000000000001e-001	8.274816e-005
2.200000000000001e-001	8.553959e-005
2.300000000000001e-001	8.823018e-005
2.400000000000001e-001	9.081965e-005
2.500000000000001e-001	9.330749e-005
2.600000000000001e-001	9.569306e-005
2.700000000000001e-001	9.797551e-005
2.800000000000001e-001	1.001538e-004
2.900000000000001e-001	1.022269e-004
3.000000000000001e-001	1.041935e-004
3.100000000000001e-001	1.060526e-004
3.200000000000001e-001	1.078032e-004
3.300000000000001e-001	1.094447e-004
3.400000000000001e-001	1.109770e-004
3.500000000000001e-001	1.124010e-004
3.600000000000002e-001	1.137184e-004
3.700000000000002e-001	1.149319e-004
3.800000000000002e-001	1.160455e-004
3.900000000000002e-001	1.170643e-004
4.000000000000002e-001	1.179942e-004
4.100000000000002e-001	1.188420e-004
4.200000000000002e-001	1.196146e-004
4.300000000000002e-001	1.203193e-004
4.400000000000002e-001	1.209629e-004
4.500000000000002e-001	1.215521e-004
4.600000000000002e-001	1.220932e-004
4.700000000000003e-001	1.225918e-004
4.800000000000003e-001	1.230528e-004
4.900000000000003e-001	1.234809e-004
5.000000000000002e-001	1.238799e-004
5.100000000000002e-001	1.242533e-004
5.200000000000002e-001	1.246041e-004
5.300000000000003e-001	1.249350e-004
5.400000000000003e-001	1.252482e-004
5.500000000000003e-001	1.255457e-004
5.600000000000003e-001	1.258292e-004
5.700000000000003e-001	1.261003e-004
5.800000000000003e-001	1.263601e-004
5.900000000000003e-001	1.266099e-004
6.000000000000003e-001	1.268507e-004
6.100000000000003e-001	1.270833e-004
6.200000000000003e-001	1.273086e-004
6.300000000000003e-001	1.275271e-004
6.400000000000004e-001	1.277394e-004
6.500000000000004e-001	1.279463e-004
6.600000000000004e-001	1.281480e-004
6.700000000000004e-001	1.283450e-004
6.800000000000004e-001	1.285377e-004
6.900000000000004e-001	1.287265e-004
7.000000000000004e-001	1.289116e-004
7.100000000000004e-001	1.290933e-004
7.200000000000004e-001	1.292718e-004
7.300000000000004e-001	1.294475e-004
7.400000000000004e-001	1.296204e-004
7.500000000000004e-001	1.297908e-004
7.600000000000005e-001	1.299588e-004
7.700000000000005e-001	1.301247e-004
7.800000000000005e-001	1.302884e-004
7.900000000000005e-001	1.304502e-004
8.000000000000005e-001	1.306102e-004
8.100000000000005e-001	1.307685e-004
8.200000000000005e-001	1.309251e-004
8.300000000000005e-001	1.310802e-004
8.400000000000005e-001	1.312339e-004
8.500000000000005e-001	1.313861e-004
8.600000000000005e-001	1.315371e-004
8.700000000000006e-001	1.316869e-004
8.800000000000006e-001	1.318355e-004
8.900000000000006e-001	1.319829e-004
9.000000000000006e-001	1.321294e-004
9.100000000000006e-001	1.322748e-004
9.200000000000006e-001	1.324192e-004
9.300000000000006e-001	1.325627e-004
9.400000000000006e-001	1.327054e-004
9.500000000000006e-001	1.328472e-004
9.600000000000006e-001	1.329882e-004
9.700000000000006e-001	1.331284e-004
9.800000000000007e-001	1.332679e-004
9.900000000000007e-001	1.334067e-004
1.000000000000001e+000	1.335448e-004
1.010000000000001e+000	1.336822e-004
1.020000000000001e+000	1.338190e-004
1.030000000000001e+000	1.339552e-004
1.040000000000001e+000	1.340908e-004
1.050000000000001e+000	1.342259e-004
1.060000000000001e+000	1.343604e-004
1.070000000000001e+000	1.344944e-004
1.080000000000001e+000	1.346278e-004
1.090000000000001e+000	1.347608e-004
1.100000000000000e+000	1.348933e-004
